NOAA 15                 
1 25338U 98030A   17290.95139635  .00000034  00000-0  33298-4 0  9997
2 25338  98.7808 302.1004 0010076 205.3426 154.7261 14.25821139 10248
NOAA 18                 
1 28654U 05018A   17290.89673189  .00000001  00000-0  25989-4 0  9997
2 28654  99.1748 316.0650 0015300  88.2791 272.0132 14.12353109639486
METOP-A                 
1 29499U 06044A   17290.91827699  .00000012  00000-0  25227-4 0  9992
2 29499  98.6643 348.3948 0001503 139.1195 332.1835 14.21511466570398
NOAA 19                 
1 33591U 09005A   17290.91113331  .00000105  00000-0  82177-4 0  9991
2 33591  99.1087 259.5712 0013065 289.3299  70.6459 14.12220617447715
METOP-B                 
1 38771U 12049A   17291.15126985  .00000018  00000-0  28196-4 0  9998
2 38771  98.7093 349.3489 0000315 189.8572 196.6306 14.21490182263748
SARAL                   
1 39086U 13009A   17291.14694103 -.00000008  00000-0  13262-4 0  9994
2 39086  98.5399 116.8257 0000445 157.5631 202.5572 14.32013374242708
