BEIDOU G1               
1 36287U 10001A   17290.74354983 -.00000306  00000-0  00000-0 0  9990
2 36287   1.4779   7.7840 0003885 187.7075 238.6583  1.00270936 28442
BEIDOU G3               
1 36590U 10024A   17290.78104796 -.00000376  00000-0  00000+0 0  9997
2 36590   1.4351  29.6056 0007019 302.9524  85.5764  1.00267777 27055
BEIDOU IGSO 1           
1 36828U 10036A   17291.24014412 -.00000167  00000-0  10000-3 0  9994
2 36828  54.1656 192.2878 0060816 229.0291 169.5612  1.00291431 26491
BEIDOU G4               
1 37210U 10057A   17291.21242530 -.00000132  00000-0  00000+0 0  9991
2 37210   0.9023  53.8148 0006973 177.9036  31.7153  1.00272453 25568
BEIDOU IGSO 2           
1 37256U 10068A   17289.53618411 -.00000200  00000-0  10000-3 0  9991
2 37256  52.9643 309.8449 0059668 207.2363 176.8445  1.00247569 25060
BEIDOU IGSO 3           
1 37384U 11013A   17290.90321439 -.00000169  00000-0  10000-3 0  9992
2 37384  57.9853  71.6532 0032094 201.3411 200.1720  1.00281139 23954
BEIDOU IGSO 4           
1 37763U 11038A   17290.94320691 -.00000112  00000-0  10000-3 0  9991
2 37763  54.4730 194.6682 0048925 217.4222  48.3038  1.00288841 22917
BEIDOU IGSO 5           
1 37948U 11073A   17290.55820649 -.00000141  00000-0  10000-3 0  9992
2 37948  53.0439 309.3148 0051766 208.6395 163.9385  1.00266592 21675
BEIDOU G5               
1 38091U 12008A   17291.11204024  .00000037  00000-0  00000+0 0  9995
2 38091   1.8659  57.8134 0005215 223.0331 204.8179  1.00272162 20753
BEIDOU M3               
1 38250U 12018A   17290.49622723 -.00000083  00000-0  10000-3 0  9990
2 38250  56.3217  50.0467 0024033 221.7816 222.0087  1.86234451 37358
BEIDOU M4               
1 38251U 12018B   17290.84174381 -.00000086  00000-0  10000-3 0  9995
2 38251  56.2564  49.4609 0026468 216.1728 147.1529  1.86233777 37366
BEIDOU M6               
1 38775U 12050B   17290.64781297  .00000023  00000-0  00000+0 0  9995
2 38775  54.8534 169.1539 0020070 235.4474 193.9423  1.86233105 34730
BEIDOU G6               
1 38953U 12059A   17290.60326927 -.00000196  00000-0  00000+0 0  9995
2 38953   1.9025  79.8597 0006329 163.8589  83.7167  1.00269421 18312
BEIDOU I1-S             
1 40549U 15019A   17290.58972243 -.00000166  00000-0  00000-0 0  9991
2 40549  54.2779 332.3777 0043110 191.4110 170.3666  1.00268766  9358
BEIDOU-3 M1             
1 40748U 15037A   17290.55415573 -.00000086  00000-0  00000+0 0  9997
2 40748  55.5298  49.3616 0005998 247.5963 193.9733  1.86231410 15181
BEIDOU-3 M2             
1 40749U 15037B   17290.74834561 -.00000086  00000-0  00000-0 0  9992
2 40749  55.5294  49.3412 0006272 270.0910  78.1402  1.86232536 15177
BEIDOU I2-S             
1 40938U 15053A   17290.83263113 -.00000134  00000-0  00000+0 0  9992
2 40938  54.0370 295.2851 0047830 178.7473 308.0891  1.00267504  7636
BEIDOU M3-S             
1 41315U 16006A   17289.66859461  .00000012  00000-0  00000-0 0  9992
2 41315  55.0355 169.4367 0002212 337.3760  22.6995  1.86230624 11648
BEIDOU IGSO 6           
1 41434U 16021A   17290.90166978 -.00000133  00000-0  10000-3 0  9993
2 41434  55.7082  71.0512 0032135 178.8996 197.4124  1.00282743  5766
BEIDOU G7               
1 41586U 16037A   17290.42455137 -.00000274  00000-0  00000-0 0  9995
2 41586   1.0582 324.7555 0003477 280.6351  78.1248  1.00270687  5061
