EYESAT-1 (AO-27)        
1 22825U 93061C   17290.84930981  .00000006  00000-0  20118-4 0  9991
2 22825  98.8285 258.0328 0008068 340.8737  19.2141 14.30009923254665
CUTE-1 (CO-55)          
1 27844U 03031E   17290.85442666  .00000086  00000-0  58798-4 0  9997
2 27844  98.6905 298.0797 0009719 359.4469   0.6697 14.22067421741719
CUBESAT XI-IV (CO-57)   
1 27848U 03031J   17290.46529598  .00000071  00000-0  52225-4 0  9991
2 27848  98.6996 298.0058 0009815  10.2302 349.9073 14.21678087741574
CUBESAT XI 5            
1 28895U 05043F   17290.90473751  .00000215  00000-0  50049-4 0  9999
2 28895  97.8793  87.6509 0018112 113.9375 246.3727 14.63455333638201
CUTE-1.7+APD II (CO-65) 
1 32785U 08021C   17290.83790069  .00000360  00000-0  44775-4 0  9997
2 32785  97.5604 309.4725 0014510 119.0202 241.2471 14.87978645513069
COMPASS-1               
1 32787U 08021E   17290.55660529  .00000886  00000-0  90788-4 0  9993
2 32787  97.5505 318.8172 0014142  90.4767 269.8073 14.92762239513756
AAUSAT-II               
1 32788U 08021F   17290.73720406  .00000455  00000-0  47643-4 0  9999
2 32788  97.5484 322.0431 0013476  82.2565 278.0185 14.94052631513871
DELFI-C3 (DO-64)        
1 32789U 08021G   17291.08643074  .00001852  00000-0  13332-3 0  9993
2 32789  97.5474 346.6710 0013796  49.9496 310.2939 15.05347493515358
CANX-2                  
1 32790U 08021H   17290.50416380  .00000330  00000-0  41833-4 0  9997
2 32790  97.5592 307.4511 0015149 121.7551 238.5144 14.87696070513029
SEEDS II (CO-66)        
1 32791U 08021J   17291.04883056  .00000425  00000-0  49069-4 0  9990
2 32791  97.5553 314.4090 0015007 103.5091 256.7801 14.90350159513444
SWISSCUBE               
1 35932U 09051B   17290.66334583  .00000204  00000-0  57246-4 0  9998
2 35932  98.5135  71.4875 0006834 228.8452 131.2156 14.56069003428107
BEESAT                  
1 35933U 09051C   17290.84599234  .00000169  00000-0  49262-4 0  9994
2 35933  98.5174  73.0640 0004864 241.5934 118.4773 14.56182386428198
ITUPSAT 1               
1 35935U 09051E   17290.83341967  .00000155  00000-0  46799-4 0  9990
2 35935  98.5285  73.3059 0007236 236.9548 123.0953 14.55370625428078
TISAT 1                 
1 36799U 10035E   17290.79871709  .00000542  00000-0  61524-4 0  9993
2 36799  98.0768  56.1257 0011088 285.7515  74.2479 14.90550271393845
M-CUBED & EXP-1 PRIME   
1 37855U 11061F   17290.53104833  .00002151  00000-0  11868-3 0  9999
2 37855 101.7072 224.0823 0179634  79.9680 282.1747 15.03498822324707
HORYU 2                 
1 38340U 12025D   17290.77359275  .00000322  00000-0  55573-4 0  9998
2 38340  98.3782 299.0313 0010379 261.4615  98.5417 14.75421491280955
STRAND-1                
1 39090U 13009E   17290.81220314  .00000071  00000-0  40293-4 0  9994
2 39090  98.5419 135.0368 0008273 301.0040  59.0332 14.34989288243044
BRITE-AUSTRIA           
1 39091U 13009F   17290.89115256  .00000019  00000-0  21902-4 0  9999
2 39091  98.5384 134.4633 0009643 308.4385  51.5934 14.35044756243092
UNIBRITE                
1 39092U 13009G   17290.90123614  .00000037  00000-0  28541-4 0  9995
2 39092  98.5396 134.1527 0008432 301.6982  58.3381 14.34919381243060
AIST-2                  
1 39133U 13015D   17291.15554419  .00000337  00000-0  36425-4 0  9990
2 39133  64.8728 256.9140 0037831 261.3769  98.3064 15.04392627246796
SOMP                    
1 39134U 13015E   17290.88663501  .00001854  00000-0  98248-4 0  9999
2 39134  64.8664 190.2647 0036393 245.2167 114.5172 15.18328634247720
BEESAT-3                
1 39135U 13015F   17290.85209770  .00001635  00000-0  93903-4 0  9991
2 39135  64.8707 200.6715 0032797 265.5721  94.1657 15.15997670247513
BEESAT-2                
1 39136U 13015G   17291.20074532  .00001325  00000-0  79135-4 0  9995
2 39136  64.8715 201.7000 0033251 266.1381  93.5943 15.15498744247910
NEE-01 PEGASUS          
1 39151U 13018B   17291.23851803  .00000230  00000-0  37498-4 0  9992
2 39151  97.9825  21.9773 0017384  16.6694 343.5085 14.79787665241730
CUBEBUG-1 (CAPITAN BETO)
1 39153U 13018D   17290.91943767  .00000323  00000-0  49368-4 0  9991
2 39153  97.9851  22.5622 0017269  15.7489 344.4256 14.80259811241666
ESTCUBE 1               
1 39161U 13021C   17291.03727495  .00000278  00000-0  52202-4 0  9996
2 39161  98.0237  15.4149 0011270 109.4549 250.7879 14.71960436238820
POPACS 1                
1 39268U 13055D   17290.81803640  .00003494  00000-0  10051-3 0  9991
2 39268  81.0038 240.1003 0645343 219.6034 135.6300 14.32209854209737
POPACS 2                
1 39269U 13055E   17291.20378690  .00002575  00000-0  76752-4 0  9998
2 39269  81.0153 256.8328 0695880 263.1938  88.9647 14.20859648208763
POPACS 3                
1 39270U 13055F   17291.21931060  .00002122  00000-0  67828-4 0  9999
2 39270  81.0165 266.2442 0721891 291.5830  60.9936 14.13840051208152
FIREFLY                 
1 39404U 13064AA  17291.07079224  .00333556  54415-4  53030-3 0  9997
2 39404  40.4886 237.5823 0011079 227.5840 132.4061 16.02727393220751
ZACUBE-1 (TSHEPISOSAT)  
1 39417U 13066B   17291.14665316  .00000335  00000-0  48830-4 0  9990
2 39417  97.6172 327.3470 0058215 226.6724 132.9628 14.80794043210974
WNISAT-1                
1 39423U 13066H   17291.13684972  .00000240  00000-0  56641-4 0  9999
2 39423  97.6959 269.4074 0177086  54.0078 307.7398 14.52882986207080
TRITON-1                
1 39427U 13066M   17291.05912617  .00000340  00000-0  62647-4 0  9998
2 39427  97.6371 298.1784 0113209 315.7012  43.5174 14.67538820209069
GOMX 1                  
1 39430U 13066Q   17290.94101712  .00000400  00000-0  81515-4 0  9997
2 39430  97.6735 280.6706 0152279  15.9175 344.6735 14.58945726207643
BRITE-PL                
1 39431U 13066R   17290.52551655  .00000116  00000-0  34320-4 0  9993
2 39431  97.7220 257.5236 0203978  97.0142 265.4297 14.46875926205948
HUMSAT-D                
1 39433U 13066T   17290.15360876  .00000599  00000-0  64657-4 0  9998
2 39433  97.6396 349.5923 0031519 168.9518 191.2400 14.91594916212197
EAGLE 2                 
1 39436U 13066W   17290.79491953  .00039088  00000-0  81839-3 0  9997
2 39436  97.7133  43.3233 0007454 355.9078   4.2108 15.45316765215525
CUBEBUG-2 (LO-74)       
1 39440U 13066AA  17290.85543919  .00000306  00000-0  50038-4 0  9998
2 39440  97.6200 315.3057 0079202 262.1868  97.0346 14.75534179210180
NEE-02 KRYSAOR          
1 39441U 13066AB  17291.06853285  .00000213  00000-0  37688-4 0  9996
2 39441  97.6183 314.0358 0080562 265.6280  93.5722 14.74678860210092
FUNCUBE-1 (AO-73)       
1 39444U 13066AE  17290.59212384  .00000404  00000-0  56591-4 0  9991
2 39444  97.6187 328.0321 0057421 224.7293 134.9282 14.81543804209739
UWE-3                   
1 39446U 13066AG  17290.54852075  .00000320  00000-0  49633-4 0  9991
2 39446  97.6174 320.5763 0069028 246.3170 113.0788 14.78066309209278
BRITE-TORONTO           
1 40020U 14033L   17291.06349512  .00000119  00000-0  29164-4 0  9994
2 40020  97.8162 156.2041 0086356 296.4932  62.7436 14.66432282178094
DUCHIFAT-1              
1 40021U 14033M   17291.19663190  .00000623  00000-0  70434-4 0  9996
2 40021  97.9132 204.5081 0011583 255.6147 104.3785 14.90047795180911
FLOCK 1C-10             
1 40023U 14033P   17291.19012271  .00001168  00000-0  13028-3 0  9996
2 40023  97.9153 203.4157 0011603 266.9166  93.0778 14.88928302180800
NANOSATC-BR1            
1 40024U 14033Q   17290.71763410  .00000611  00000-0  70340-4 0  9995
2 40024  97.9083 202.7178 0010883 258.8938 101.1055 14.89349920180267
QB50P1                  
1 40025U 14033R   17290.22559307  .00000528  00000-0  62835-4 0  9997
2 40025  97.9059 201.0814 0011072 264.3621  95.6333 14.88531388180640
FLOCK 1C-7              
1 40026U 14033S   17291.21337418  .00001502  00000-0  16291-3 0  9992
2 40026  97.9193 204.3278 0009931 262.6861  97.3208 14.89669741180868
FLOCK 1C-1              
1 40027U 14033T   17291.22016522  .00001309  00000-0  14506-3 0  9996
2 40027  97.9192 203.7086 0011613 262.5906  97.3930 14.88993042180828
POPSAT-HIP-1            
1 40028U 14033U   17291.00746149  .00000812  00000-0  93611-4 0  9991
2 40028  97.9094 202.1716 0012302 260.6969  99.2854 14.88398697180749
FLOCK 1C-2              
1 40029U 14033V   17291.18046353  .00000980  00000-0  11010-3 0  9999
2 40029  97.9164 203.5164 0012749 258.9999 100.9791 14.89008381180804
FLOCK 1C-4              
1 40031U 14033X   17291.07487291  .00001451  00000-0  16068-3 0  9992
2 40031  97.9182 203.3704 0012879 257.3938 102.5857 14.88858104180777
QB50P2                  
1 40032U 14033Y   17290.91457851  .00000461  00000-0  56235-4 0  9995
2 40032  97.9026 200.7581 0010500 256.1597 103.8452 14.88084598180173
FLOCK 1C-11             
1 40033U 14033Z   17291.07773868  .00001016  00000-0  11043-3 0  9997
2 40033  97.9205 205.0799 0010846 249.1588 110.8469 14.90305587180899
ANTELSAT                
1 40034U 14033AA  17290.90401638  .00000343  00000-0  58972-4 0  9997
2 40034  97.8405 170.9167 0057571 258.0922 101.3828 14.73780590178463
FLOCK 1C-9              
1 40035U 14033AB  17290.82859053  .00001158  00000-0  12879-3 0  9997
2 40035  97.9174 203.5816 0010738 250.1015 109.9017 14.89063327180750
FLOCK 1C-6              
1 40036U 14033AC  17291.17685209  .00000904  00000-0  10164-3 0  9990
2 40036  97.9201 204.1741 0010631 251.8991 108.1055 14.89167002180825
PERSEUS-M2              
1 40037U 14033AD  17291.19647499  .00000186  00000-0  27431-4 0  9990
2 40037  97.9038 199.2794 0013000 262.3092  97.6647 14.86275847180584
FLOCK 1C-5              
1 40038U 14033AE  17291.18550029  .00000889  00000-0  10007-3 0  9992
2 40038  97.9186 203.9632 0013008 251.6494 108.3343 14.89141422180811
PERSEUS-M1              
1 40039U 14033AF  17290.82329535  .00000157  00000-0  24288-4 0  9994
2 40039  97.9042 198.4091 0012855 259.5367 100.4399 14.85899312179978
FLOCK 1C-8              
1 40040U 14033AG  17291.08260208  .00001445  00000-0  15147-3 0  9990
2 40040  97.9244 206.3842 0011495 236.0815 123.9304 14.91105934180946
FLOCK 1C-3              
1 40041U 14033AH  17291.17197904  .00000887  00000-0  10058-3 0  9998
2 40041  97.9185 203.6885 0011923 246.6489 113.3465 14.88846790180789
POLYITAN-1              
1 40042U 14033AJ  17290.83321616  .00000562  00000-0  67031-4 0  9994
2 40042  97.9133 201.7152 0013341 249.4642 110.5143 14.88180134180153
TIGRISAT                
1 40043U 14033AK  17291.11274875  .00000227  00000-0  41421-4 0  9994
2 40043  97.8383 171.7785 0058751 258.5148 100.9459 14.74038450178949
LEMUR-1                 
1 40044U 14033AL  17290.90489761  .00000251  00000-0  45078-4 0  9992
2 40044  97.8380 171.2860 0057905 260.4477  99.0185 14.73863852178498
AEROCUBE 6A             
1 40045U 14033AM  17290.86560435  .00000498  00000-0  80000-4 0  9993
2 40045  97.8517 173.0355 0056842 254.6978 104.7944 14.74939549178563
AEROCUBE 6B             
1 40046U 14033AN  17290.66202624  .00000474  00000-0  76472-4 0  9997
2 40046  97.8503 172.7592 0055950 254.5954 104.9070 14.74940945178913
UKUBE-1                 
1 40074U 14037F   17291.18080750  .00000557  00000-0  74668-4 0  9991
2 40074  98.3596  51.7195 0005208  31.5196 328.6330 14.83615717177413
BRITE-PL 2              
1 40119U 14049B   17290.71544017  .00000182  00000-0  28193-4 0  9999
2 40119  97.9319  15.9446 0018605  52.7025 307.5882 14.84197255171339
FIREBIRD 4              
1 40378U 15003C   17291.05873910  .00002915  00000-0  12521-3 0  9995
2 40378  99.1152 139.6122 0133856 315.3415  43.7092 15.16084687149626
GRIFEX                  
1 40379U 15003D   17291.04856817  .00002195  00000-0  10122-3 0  9997
2 40379  99.1185 136.8565 0140238 324.5521  34.6445 15.13474840149469
EXOCUBE                 
1 40380U 15003E   17290.82704944  .00001583  00000-0  77079-4 0  9992
2 40380  99.1238 135.0676 0144273 330.2325  29.0748 15.11874178149317
DEORBITSAIL             
1 40719U 15032E   17290.95068733  .00000588  00000-0  92172-4 0  9998
2 40719  97.9652 183.0808 0017695 106.0039 254.3121 14.76193557122434
TIANWANG 1C (TW-1C)     
1 40926U 15051B   17291.16396178  .00012965  00000-0  27650-3 0  9990
2 40926  97.2187 329.8428 0013188  81.7191 324.2821 15.44932449115892
TIANWANG 1B (TW-1B)     
1 40927U 15051C   17291.13449604  .00013121  00000-0  29080-3 0  9995
2 40927  97.2267 329.7722 0013228  93.6410 343.5772 15.43790323115823
TIANWANG 1A (TW-1A)     
1 40928U 15051D   17291.16971354  .00006169  00000-0  17140-3 0  9999
2 40928  97.2172 324.7662 0014110 111.2354 327.0612 15.37133493115587
LEMUR-2-JOEL            
1 40932U 15052C   17290.46687675  .00001086  00000-0  60069-4 0  9999
2 40932   6.0084  74.6534 0014199 194.4653 165.4961 14.77554871111120
LEMUR-2-CHRIS           
1 40933U 15052D   17290.52488376  .00001271  00000-0  84846-4 0  9999
2 40933   6.0033  72.9027 0014257 199.5207 160.4840 14.77699141111142
LEMUR-2-JEROEN          
1 40934U 15052E   17290.41521413  .00001459  00000-0  11310-3 0  9991
2 40934   6.0091  79.7854 0010472 183.1638 176.8772 14.77066795111038
LEMUR-2-PETER           
1 40935U 15052F   17290.52149178  .00001161  00000-0  72750-4 0  9994
2 40935   6.0041  80.8207 0009636 175.4073 184.5354 14.76820559111055
EXACTVIEW 9             
1 40936U 15052G   17289.00982628  .00000621  00000-0 -20321-5 0  9990
2 40936   6.0027  94.4886 0009888 147.0808 212.9802 14.76304365110824
ATHENOXAT 1             
1 41168U 15077C   17291.24757461  .00003615  00000-0  16556-3 0  9997
2 41168  14.9937 350.1799 0011949 282.7104 122.0375 15.12051396101697
GALASSIA                
1 41170U 15077E   17290.46090644  .00002773  00000-0  11636-3 0  9994
2 41170  14.9899 351.6217 0013304 290.5792  69.3101 15.12496700101619
VELOX 2                 
1 41171U 15077F   17290.42179734  .00002345  00000-0  10006-3 0  9994
2 41171  14.9922   7.0264 0009061 241.9314 118.0090 15.10175284101478
AGGIESAT 4              
1 41313U 98067HP  17290.80829138  .00050399  00000-0  23669-3 0  9995
2 41313  51.6365  90.0093 0003890 262.9003  97.1557 15.82637787 98288
HORYU-IV                
1 41340U 16012D   17290.70882064  .00000880  00000-0  60951-4 0  9997
2 41340  31.0060  49.6564 0014112 209.5788 150.4050 15.00751454 91430
OUFTI-1                 
1 41458U 16025C   17290.90786085  .00001882  00000-0  10413-3 0  9999
2 41458  98.1746 335.4787 0170882 238.9424 119.4933 15.03750206 81024
E-ST@R-II               
1 41459U 16025D   17290.94315205  .00003715  00000-0  20026-3 0  9994
2 41459  98.1714 335.4379 0172941 239.3678 119.0397 15.03551666 81019
AAUSAT 4                
1 41460U 16025E   17291.19382488  .00004292  00000-0  23019-3 0  9997
2 41460  98.1669 335.8951 0164522 236.0520 122.4974 15.04653600 81084
DIWATA-1                
1 41463U 98067HT  17291.02549667  .00013565  00000-0  14144-3 0  9994
2 41463  51.6403 124.4572 0000973 187.9206 309.5136 15.64862088 84014
NODES 2                 
1 41477U 98067HX  17262.38431888  .17021661  12538-4  46079-3 0  9990
2 41477  51.6074 225.8859 0003017 249.6794 110.5489 16.45625800 77086
NODES 1                 
1 41478U 98067HY  17266.27255257  .13534231  12598-4  22876-3 0  9990
2 41478  51.6086 206.1528 0005980 262.1280  97.9071 16.47641774 77698
FLOCK 2E'-1             
1 41479U 98067HZ  17291.04526702  .00041677  00000-0  26165-3 0  9999
2 41479  51.6334 107.3919 0001059 243.8669 116.2222 15.76316842 81189
FLOCK 2E'-3             
1 41480U 98067JA  17290.90372387  .00031073  00000-0  20331-3 0  9991
2 41480  51.6291 107.9656 0001058 227.8256 132.2654 15.75518332 81151
FLOCK 2E'-2             
1 41481U 98067JB  17291.07010485  .00125900  00000-0  63120-3 0  9995
2 41481  51.6275 104.4932 0004047 278.0371  82.0172 15.80858073 81208
FLOCK 2E'-4             
1 41482U 98067JC  17290.91946334  .00224001  00000-0  77115-3 0  9990
2 41482  51.6222 101.1607 0006155 280.1937  79.8374 15.88412467 81230
FLOCK 2E-1              
1 41483U 98067JD  17290.90742276  .00026548  00000-0  19161-3 0  9992
2 41483  51.6333 110.3204 0002037 183.1757 176.9229 15.73327117 80986
FLOCK 2E-2              
1 41484U 98067JE  17291.06035841  .00030242  00000-0  19174-3 0  9994
2 41484  51.6314 106.0971 0002631 214.0490 146.0341 15.76253113 81056
FLOCK 2E-3              
1 41486U 98067JG  17291.01874551  .00026000  00000-0  17800-3 0  9991
2 41486  51.6314 111.0411 0002919 217.7067 142.3728 15.74573331 81000
FLOCK 2E-4              
1 41487U 98067JH  17290.89301937  .00024068  00000-0  17346-3 0  9997
2 41487  51.6328 110.1846 0003262 216.1878 143.8900 15.73421791 81002
FLOCK 2E-6              
1 41563U 98067JM  17290.63682432  .00051182  00000-0  37693-3 0  9990
2 41563  51.6316 115.2292 0001831 272.0759  88.0030 15.72523703 78986
FLOCK 2E-5              
1 41564U 98067JN  17290.53270566  .00019467  00000-0  15582-3 0  9994
2 41564  51.6328 116.0468 0000861 262.5351  97.5548 15.71081312 78958
FLOCK 2E-7              
1 41565U 98067JP  17291.05564421  .00038271  00000-0  23886-3 0  9999
2 41565  51.6282 105.9514 0004180 236.3888 123.6714 15.76482739 79038
FLOCK 2E'-5             
1 41567U 98067JR  17290.34448225  .00019427  00000-0  16280-3 0  9997
2 41567  51.6338 119.3236 0004158 230.1183 129.9449 15.69969264 78765
FLOCK 2E'-6             
1 41568U 98067JS  17290.91819177  .00028942  00000-0  21274-3 0  9990
2 41568  51.6315 111.8274 0004063 234.5944 125.4676 15.72839567 78947
FLOCK 2E'-8             
1 41569U 98067JT  17290.87254635  .00037947  00000-0  23110-3 0  9994
2 41569  51.6331 106.2309 0002432 214.5019 145.5824 15.77050072 78895
FLOCK 2E'-7             
1 41570U 98067JU  17276.23066052  .07821693  11956-4  21580-2 0  9994
2 41570  51.6314 172.6072 0011089 233.3572 126.6600 16.26996484 76726
FLOCK 2E-9              
1 41571U 98067JV  17291.11182814  .00054036  00000-0  30710-3 0  9996
2 41571  51.6329 103.3424 0003025 227.8347 132.2397 15.78443897 78936
FLOCK 2E-10             
1 41572U 98067JW  17291.05158459  .00037485  00000-0  24308-3 0  9993
2 41572  51.6332 107.4682 0004220 232.2947 127.7670 15.75617954 78876
FLOCK 2E-12             
1 41573U 98067JX  17291.09304887  .00041634  00000-0  25028-3 0  9997
2 41573  51.6328 105.4609 0004133 239.5350 120.5242 15.77293641 78905
FLOCK 2E-11             
1 41574U 98067JY  17290.89041926  .00035589  00000-0  21625-3 0  9998
2 41574  51.6256 105.5361 0004757 250.6523 109.3963 15.77124133 78881
FLOCK 2E'-9             
1 41575U 98067JZ  17290.84179091  .00046553  00000-0  25500-3 0  9998
2 41575  51.6297 103.6770 0005044 255.0488 104.9955 15.79316624 78892
FLOCK 2E'-10            
1 41576U 98067KA  17291.06067148  .00043498  00000-0  25158-3 0  9997
2 41576  51.6327 105.2792 0004694 256.3915 103.6563 15.78138617 78791
FLOCK 2E'-11            
1 41577U 98067KB  17290.85190723  .00035126  00000-0  22303-3 0  9998
2 41577  51.6343 107.6588 0004475 232.1356 127.9239 15.76132636 78564
FLOCK 2E'-12            
1 41578U 98067KC  17290.89261606  .00050480  00000-0  27430-3 0  9998
2 41578  51.6278 104.7959 0005685 237.7417 122.3034 15.79453802 78606
FLOCK 2P-6              
1 41606U 16040H   17291.19840926  .00003168  00000-0  13749-3 0  9992
2 41606  97.4473 352.9045 0010766  12.9642 347.1869 15.23021040 73427
FLOCK 2P-11             
1 41608U 16040K   17291.13657871  .00003550  00000-0  15358-3 0  9996
2 41608  97.4468 352.8100 0010729  12.9779 347.1731 15.23048275 73353
FLOCK 2P-2              
1 41609U 16040L   17291.15458230  .00003654  00000-0  15804-3 0  9998
2 41609  97.4473 352.8180 0010686  13.1236 347.0276 15.23038302 73332
FLOCK 2P-9              
1 41610U 16040M   17291.16999285  .00004147  00000-0  17907-3 0  9995
2 41610  97.4492 352.7915 0010443  13.4385  10.1030 15.23020520 73215
FLOCK 2P-4              
1 41611U 16040N   17291.12728378  .00003524  00000-0  15260-3 0  9993
2 41611  97.4496 352.9916 0011358  22.2056 337.9670 15.23016783 73375
FLOCK 2P-10             
1 41612U 16040P   17291.10530870  .00002590  00000-0  11301-3 0  9994
2 41612  97.4499 353.0503 0011134  22.0675 338.1039 15.23009217 73376
FLOCK 2P-8              
1 41613U 16040Q   17291.12176332  .00002598  00000-0  11336-3 0  9992
2 41613  97.4496 353.0044 0011244  21.2556 338.9145 15.23003494 73372
FLOCK 2P-12             
1 41614U 16040R   17291.14908485  .00003495  00000-0  15138-3 0  9998
2 41614  97.4508 353.1827 0010967  21.6089 338.5608 15.23021267 73382
FLOCK 2P-7              
1 41615U 16040S   17291.11610496  .00001674  00000-0  74114-4 0  9995
2 41615  97.4489 352.9949 0011087  21.7538 338.4167 15.23015583 73379
FLOCK 2P-5              
1 41616U 16040T   17291.16011067  .00003383  00000-0  14658-3 0  9995
2 41616  97.4506 353.1674 0010896  20.9846 339.1835 15.23031879 73363
FLOCK 2P-1              
1 41617U 16040U   17291.14837791  .00003616  00000-0  15645-3 0  9990
2 41617  97.4510 353.1863 0010644  21.5315 338.6367 15.23032368 73388
FLOCK 2P-3              
1 41618U 16040V   17291.11075348  .00002530  00000-0  11045-3 0  9994
2 41618  97.4506 353.0744 0010867  21.8708 338.2990 15.23018310 73375
BEESAT-4                
1 41619U 16040W   17291.15215015  .00002088  00000-0  96397-4 0  9998
2 41619  97.4497 352.2962 0011842   6.5424 353.5964 15.21284546 61289
3CAT-2                  
1 41732U 16051B   17291.08563164  .00002620  00000-0  10661-3 0  9990
2 41732  97.3718 206.2447 0012924 192.8013 295.3451 15.25335415 65263
FLOCK 2E'-13            
1 41761U 98067KH  17290.67071225  .00010672  00000-0  11715-3 0  9992
2 41761  51.6357 132.8525 0005113   5.1612 354.9434 15.63815527 62057
FLOCK 2E'-14            
1 41762U 98067KJ  17290.95505456  .00013185  00000-0  14105-3 0  9990
2 41762  51.6368 131.0387 0004598   7.2865 352.8196 15.64232955 62103
FLOCK 2E'-16            
1 41763U 98067KK  17291.01285769  .00014085  00000-0  14638-3 0  9992
2 41763  51.6372 129.9218 0004078  22.2932 337.8240 15.64903563 62083
FLOCK 2E'-15            
1 41764U 98067KL  17291.00973984  .00011893  00000-0  13055-3 0  9991
2 41764  51.6369 131.3986 0004832  15.5195 344.5947 15.63683950 62064
FLOCK 2E'-18            
1 41769U 98067KM  17291.11942039  .00012463  00000-0  13620-3 0  9997
2 41769  51.6368 130.6241 0004085  43.9280 316.2039 15.63748228 62084
FLOCK 2E'-17            
1 41776U 98067KN  17290.97645256  .00012892  00000-0  13963-3 0  9995
2 41776  51.6376 131.1984 0004302  43.6432 316.4902 15.63940942 62054
FLOCK 2E'-19            
1 41777U 98067KP  17291.11154403  .00020509  00000-0  18743-3 0  9997
2 41777  51.6347 125.2722 0002867  45.3005 314.8225 15.67807742 62106
FLOCK 2E'-20            
1 41782U 98067KQ  17291.11553552  .00018001  00000-0  17254-3 0  9991
2 41782  51.6362 126.8434 0002919  45.4550 314.6684 15.66724543 61955
CANX-7                  
1 41788U 16059F   17290.78638014  .00012314  00000-0  22248-2 0  9996
2 41788  98.1874 351.9419 0036413 146.1375 214.2070 14.66125956 56544
ALSAT 1N                
1 41789U 16059G   17291.16804484  .00000134  00000-0  34508-4 0  9997
2 41789  98.1539 351.9211 0029618 126.7286 233.6652 14.64088298 56600
RAVAN                   
1 41849U 16067B   17291.20408239  .00000671  00000-0  63212-4 0  9996
2 41849  97.9420  11.2794 0007429 247.2201 112.8236 14.97281316 50913
CELTEE 1                
1 41850U 16067C   17290.68308320  .00000190  00000-0  22040-4 0  9999
2 41850  97.9407  10.5527 0007791 247.7690 112.2705 14.96650074 50820
OPTICUBE 04             
1 41851U 16067D   17290.69516868  .00000466  00000-0  46290-4 0  9998
2 41851  97.9406  10.5348 0007701 247.9562 112.0841 14.96553276 50827
AEROCUBE 8D             
1 41852U 16067E   17290.69834771  .00000796  00000-0  75803-4 0  9993
2 41852  97.9421  10.4200 0008446 247.3796 112.6532 14.96307154 50815
AEROCUBE 8C             
1 41853U 16067F   17291.17480596  .00000991  00000-0  93082-4 0  9996
2 41853  97.9424  10.8821 0008672 247.1428 112.8877 14.96274018 50886
PROMETHEUS 2-1          
1 41854U 16067G   17290.85682962  .00000684  00000-0  65879-4 0  9994
2 41854  97.9430  10.5297 0008993 249.2633 110.7625 14.96285271 50831
PROMETHEUS 2-3          
1 41855U 16067H   17290.85883761  .00000564  00000-0  55271-4 0  9997
2 41855  97.9432  10.5318 0009194 249.8352 110.1879 14.96278679 50835
LEMUR-2-XIAOQING        
1 41871U 16062C   17290.99552330  .00004286  00000-0  19342-3 0  9993
2 41871  51.6356 223.4054 0004542 317.7400 119.0803 15.23043863 49657
LEMUR-2-SOKOLSKY        
1 41872U 16062D   17291.18782653  .00004788  00000-0  21370-3 0  9990
2 41872  51.6699 222.3042 0004653 333.4833 167.0744 15.23165070 49675
LEMUR-2-ANUBHAVTHAKUR   
1 41873U 16062E   17291.19486329  .00002489  00000-0  12220-3 0  9993
2 41873  51.6454 223.7030 0004797 330.9620 169.6491 15.21891009 49642
LEMUR-2-WINGO           
1 41874U 16062F   17291.24290778  .00004536  00000-0  20597-3 0  9992
2 41874  51.6366 222.4854 0004787 296.4954 214.9627 15.22696954 49671
STARS-C                 
1 41895U 98067KR  17290.92297729  .00057447  00000-0  44387-3 0  9999
2 41895  51.6336 131.5205 0001724 116.0016 244.1159 15.71337116 47214
TANCREDO-1              
1 41931U 98067KT  17290.98270503  .14164078  12479-4  76733-3 0  9998
2 41931  51.6104 115.9004 0006182 280.1451  79.8879 16.42240901 42996
ITF-2                   
1 41932U 98067KU  17290.99630410  .00020449  00000-0  21989-3 0  9991
2 41932  51.6381 136.5859 0003488  13.6986 346.4103 15.63714604 42721
WASEDA-SAT3             
1 41933U 98067KV  17290.97065830  .00024923  00000-0  25282-3 0  9999
2 41933  51.6361 135.6272 0003113  16.2963 343.8132 15.65065624 42735
AOBA-VELOX 3            
1 41935U 98067KX  17290.94615216  .00023455  00000-0  24299-3 0  9993
2 41935  51.6377 136.2409 0002797  18.8139 341.2959 15.64572414 42821
OSNSAT                  
1 41939U 98067KZ  17290.94941192  .00077141  00000-0  48652-3 0  9992
2 41939  51.6333 127.9207 0001564 331.7384  28.3531 15.75954823 42188
FLOCK 3P-8              
1 41951U 17008D   17290.92020380  .00001842  00000-0  80566-4 0  9993
2 41951  97.4832 351.8672 0009969 118.4717 241.7525 15.23307061 37216
FLOCK 3P-51             
1 41952U 17008E   17291.15328756  .00002857  00000-0  12321-3 0  9998
2 41952  97.4838 352.1883 0009674 133.4560 226.7483 15.23337153 37241
FLOCK 3P-37             
1 41953U 17008F   17291.16293726  .00003521  00000-0  14924-3 0  9998
2 41953  97.4836 352.3199 0008870 137.5425 222.6500 15.23772636 37259
INS-1B                  
1 41954U 17008G   17290.89047000  .00002050  00000-0  92202-4 0  9992
2 41954  97.4807 351.5323 0011135 119.0231 241.2122 15.22217291 37130
FLOCK 3P-19             
1 41955U 17008H   17290.93542821  .00003330  00000-0  14297-3 0  9998
2 41955  97.4829 351.8339 0010795 118.5565 241.6759 15.23360996 37132
FLOCK 3P-24             
1 41956U 17008J   17290.99793045  .00004326  00000-0  18472-3 0  9996
2 41956  97.4827 351.9025 0010653 116.1687 244.0646 15.23373725 37222
FLOCK 3P-18             
1 41957U 17008K   17291.12997252  .00003600  00000-0  15428-3 0  9991
2 41957  97.4825 352.0362 0010696 117.0091 243.2239 15.23369909 37085
FLOCK 3P-22             
1 41958U 17008L   17291.13639013  .00003444  00000-0  14782-3 0  9999
2 41958  97.4828 352.0301 0010504 117.2226 243.0082 15.23350678 37078
FLOCK 3P-21             
1 41959U 17008M   17290.92825481  .00001951  00000-0  85187-4 0  9991
2 41959  97.4834 351.8626 0010336 119.4961 240.7307 15.23295111 37058
FLOCK 3P-28             
1 41960U 17008N   17290.92652067  .00002011  00000-0  87689-4 0  9998
2 41960  97.4832 351.8595 0010272 117.8591 242.3687 15.23300269 37132
FLOCK 3P-26             
1 41961U 17008P   17290.86923396  .00003414  00000-0  14646-3 0  9998
2 41961  97.4833 351.7804 0010476 117.3498 242.8806 15.23367932 37041
FLOCK 3P-17             
1 41962U 17008Q   17290.91606284  .00003226  00000-0  13889-3 0  9998
2 41962  97.4832 351.8721 0010260 119.7204 240.5055 15.23293180 37002
FLOCK 3P-27             
1 41963U 17008R   17290.87803434  .00003341  00000-0  14356-3 0  9998
2 41963  97.4832 351.7712 0010630 117.9642 242.2672 15.23330602 37048
FLOCK 3P-25             
1 41964U 17008S   17290.92914328  .00001723  00000-0  75576-4 0  9994
2 41964  97.4830 351.8496 0010240 117.8578 242.3697 15.23305897 37036
FLOCK 3P-4              
1 41965U 17008T   17290.92349091  .00001897  00000-0  82904-4 0  9999
2 41965  97.4832 351.8654 0010152 118.9387 241.2869 15.23295130 37135
FLOCK 3P-2              
1 41966U 17008U   17290.85874252  .00001978  00000-0  86314-4 0  9993
2 41966  97.4830 351.8038 0010016 117.6214 242.6041 15.23303250 37044
FLOCK 3P-1              
1 41967U 17008V   17291.20628896  .00002959  00000-0  12843-3 0  9990
2 41967  97.4837 352.1108 0010142 118.4078 241.8182 15.23083393 37096
FLOCK 3P-3              
1 41968U 17008W   17291.12431502  .00001885  00000-0  82417-4 0  9990
2 41968  97.4830 352.0551 0010150 117.2812 242.9460 15.23298889 37160
FLOCK 3P-6              
1 41969U 17008X   17291.18464163  .00001974  00000-0  86122-4 0  9992
2 41969  97.4830 352.1353 0009911 116.6215 243.6039 15.23314064 37080
FLOCK 3P-7              
1 41970U 17008Y   17290.90365096  .00002533  00000-0  10964-3 0  9990
2 41970  97.4835 351.8992 0009995 120.2912 239.9315 15.23323025 37058
FLOCK 3P-5              
1 41971U 17008Z   17290.91903298  .00002059  00000-0  89802-4 0  9995
2 41971  97.4833 351.8832 0009933 119.9472 240.2752 15.23279724 36985
FLOCK 3P-12             
1 41972U 17008AA  17290.91766541  .00002314  00000-0  10050-3 0  9996
2 41972  97.4832 351.8833 0009744 120.1006 240.1198 15.23288790 37137
FLOCK 3P-9              
1 41973U 17008AB  17290.92098066  .00001893  00000-0  82782-4 0  9991
2 41973  97.4837 351.8834 0009978 118.3192 241.9052 15.23289606 37133
FLOCK 3P-10             
1 41974U 17008AC  17290.91022727  .00002042  00000-0  88880-4 0  9994
2 41974  97.4834 351.9007 0009732 119.6752 240.5455 15.23352492 37022
FLOCK 3P-11             
1 41975U 17008AD  17290.92267823  .00001876  00000-0  81983-4 0  9995
2 41975  97.4833 351.8809 0010024 118.7994 241.4251 15.23327752 37020
FLOCK 3P-60             
1 41976U 17008AE  17290.89894793  .00003481  00000-0  14939-3 0  9994
2 41976  97.4840 351.9177 0009663 120.8216 239.3973 15.23351679 36386
FLOCK 3P-58             
1 41977U 17008AF  17290.91804084  .00003419  00000-0  14715-3 0  9995
2 41977  97.4836 351.8850 0009753 119.6742 240.5467 15.23264738 37213
FLOCK 3P-57             
1 41978U 17008AG  17290.91130697  .00001924  00000-0  83985-4 0  9993
2 41978  97.4836 351.8948 0009838 118.7564 241.4662 15.23335680 37052
FLOCK 3P-75             
1 41979U 17008AH  17291.17292111  .00003242  00000-0  13947-3 0  9998
2 41979  97.4853 352.2333 0009971 120.5273 239.6949 15.23314588 37243
FLOCK 3P-70             
1 41980U 17008AJ  17290.90893777  .00001842  00000-0  80457-4 0  9990
2 41980  97.4859 351.9753 0009946 120.9018 239.3198 15.23354195 37056
FLOCK 3P-73             
1 41981U 17008AK  17290.91699680  .00001697  00000-0  74475-4 0  9990
2 41981  97.4861 351.9657 0010225 122.0306 238.1925 15.23316320 37185
FLOCK 3P-88             
1 41982U 17008AL  17290.90599088  .00003214  00000-0  13832-3 0  9997
2 41982  97.4857 351.9709 0010014 121.3585 238.8633 15.23307198 36158
FLOCK 3P-85             
1 41983U 17008AM  17290.89309567  .00003415  00000-0  14658-3 0  9997
2 41983  97.4860 351.9942 0009941 124.5235 235.6942 15.23358624 37054
FLOCK 3P-79             
1 41984U 17008AN  17290.89411354  .00003356  00000-0  14412-3 0  9998
2 41984  97.4860 351.9923 0009557 124.0139 236.2007 15.23352749 37056
FLOCK 3P-86             
1 41985U 17008AP  17291.15754947  .00003243  00000-0  13939-3 0  9995
2 41985  97.4857 352.2487 0009574 122.4845 237.7318 15.23351684 37088
FLOCK 3P-36             
1 41986U 17008AQ  17291.15980750  .00003161  00000-0  13600-3 0  9993
2 41986  97.4842 352.1866 0009317 120.5099 239.7058 15.23342382 36579
FLOCK 3P-30             
1 41987U 17008AR  17290.88826533  .00002094  00000-0  91113-4 0  9991
2 41987  97.4841 351.9376 0009237 122.3917 237.8215 15.23345225 37004
FLOCK 3P-34             
1 41988U 17008AS  17290.90062518  .00003468  00000-0  14890-3 0  9992
2 41988  97.4838 351.9085 0009434 119.2358 240.9823 15.23337970 36536
FLOCK 3P-35             
1 41989U 17008AT  17290.90279977  .00003069  00000-0  13214-3 0  9998
2 41989  97.4837 351.9047 0009578 119.2954 240.9241 15.23336561 36534
FLOCK 3P-33             
1 41990U 17008AU  17291.22647850  .00002683  00000-0  11593-3 0  9994
2 41990  97.4838 352.2432 0009212 119.0087 241.2074 15.23333697 36589
LEMUR-2-SATCHMO         
1 41991U 17008AV  17290.88442994  .00001747  00000-0  78085-4 0  9998
2 41991  97.4831 351.7744 0009363 122.1926 238.0219 15.22634943 36523
LEMUR-2-MIA-GRACE       
1 41992U 17008AW  17290.85452532  .00002753  00000-0  12009-3 0  9996
2 41992  97.4835 351.8216 0009288 122.6238 237.5896 15.22984235 36527
LEMUR-2-SMITA-SHARAD    
1 41993U 17008AX  17290.86871291  .00002074  00000-0  91764-4 0  9997
2 41993  97.4832 351.7971 0009306 122.0859 238.1282 15.22786283 36525
LEMUR-2-SPIRE-MINIONS   
1 41994U 17008AY  17291.12401912  .00002719  00000-0  11878-3 0  9990
2 41994  97.4831 352.0688 0009362 121.1307 239.0849 15.22945688 36563
LEMUR-2-RDEATON         
1 41995U 17008AZ  17290.86387284  .00001995  00000-0  88202-4 0  9997
2 41995  97.4834 351.8063 0010175 134.2389 225.9685 15.22839896 37207
LEMUR-2-NOGUECORREIG    
1 41996U 17008BA  17290.91423465  .00002917  00000-0  12697-3 0  9995
2 41996  97.4837 351.8960 0010124 134.6665 225.5399 15.22995138 36436
LEMUR-2-JOBANPUTRA      
1 41997U 17008BB  17290.89819411  .00003236  00000-0  14000-3 0  9998
2 41997  97.4838 351.9185 0010090 134.6467 225.5594 15.23124153 36529
LEMUR-2-TACHIKOMA       
1 41998U 17008BC  17290.86690191  .00002022  00000-0  89612-4 0  9992
2 41998  97.4832 351.8008 0010080 134.5853 225.6208 15.22742242 36442
BGUSAT                  
1 41999U 17008BD  17291.21339855  .00002881  00000-0  12419-3 0  9993
2 41999  97.4843 352.2758 0010059 134.8367 225.3689 15.23344198 36574
DIDO-2                  
1 42000U 17008BE  17291.20498637  .00001635  00000-0  73347-4 0  9994
2 42000  97.4825 352.1122 0010008 134.0282 226.1780 15.22596689 36578
FLOCK 3P-49             
1 42001U 17008BF  17291.21306737  .00002631  00000-0  11367-3 0  9995
2 42001  97.4840 352.2637 0009682 134.8256 225.3769 15.23343072 37108
FLOCK 3P-67             
1 42002U 17008BG  17291.15257692  .00003255  00000-0  13987-3 0  9997
2 42002  97.4838 352.1867 0009633 134.4342 225.7685 15.23360050 37250
FLOCK 3P-68             
1 42003U 17008BH  17290.89218487  .00003339  00000-0  14348-3 0  9992
2 42003  97.4837 351.9176 0009749 134.0776 226.1265 15.23332982 36852
FLOCK 3P-41             
1 42004U 17008BJ  17291.20798478  .00002735  00000-0  11816-3 0  9998
2 42004  97.4835 352.2556 0009427 135.0414 225.1588 15.23321249 37098
FLOCK 3P-45             
1 42005U 17008BK  17291.01674566  .00003274  00000-0  14069-3 0  9991
2 42005  97.4839 352.0606 0009467 135.7483 224.4512 15.23355273 37222
FLOCK 3P-48             
1 42006U 17008BL  17290.88291034  .00001923  00000-0  83929-4 0  9992
2 42006  97.4840 351.9376 0009368 136.4212 223.7766 15.23330678 36993
FLOCK 3P-43             
1 42007U 17008BM  17290.88105105  .00001901  00000-0  83043-4 0  9999
2 42007  97.4837 351.9310 0009220 136.7004 223.4959 15.23321007 37210
FLOCK 3P-42             
1 42008U 17008BN  17290.94598296  .00003017  00000-0  12993-3 0  9999
2 42008  97.4836 351.9928 0009355 135.8958 224.3026 15.23341939 37145
FLOCK 3P-61             
1 42009U 17008BP  17290.94443956  .00003009  00000-0  12963-3 0  9990
2 42009  97.4838 351.9991 0009217 137.6987 222.4962 15.23330905 37191
FLOCK 3P-40             
1 42010U 17008BQ  17290.93821951  .00003224  00000-0  13858-3 0  9999
2 42010  97.4832 351.9905 0009106 138.1907 222.0027 15.23357671 36452
FLOCK 3P-16             
1 42011U 17008BR  17290.85935889  .00002037  00000-0  88858-4 0  9991
2 42011  97.4832 351.9456 0008774 138.5414 221.6490 15.23292753 36381
FLOCK 3P-14             
1 42012U 17008BS  17290.86451244  .00003191  00000-0  13724-3 0  9992
2 42012  97.4838 351.9489 0009060 141.0301 219.1590 15.23341553 37003
FLOCK 3P-53             
1 42013U 17008BT  17291.19689580  .00002749  00000-0  11855-3 0  9997
2 42013  97.4827 352.2477 0008822 137.8211 222.3706 15.23382086 37057
FLOCK 3P-54             
1 42014U 17008BU  17290.86618779  .00001849  00000-0  80857-4 0  9992
2 42014  97.4833 351.9355 0008742 139.4948 220.6941 15.23326542 37217
PEASSS                  
1 42015U 17008BV  17290.90874251  .00001923  00000-0  84070-4 0  9991
2 42015  97.4821 352.0140 0007754 140.2723 219.9082 15.23284100 37021
AL-FARABI 1             
1 42016U 17008BW  17290.88865858  .00002379  00000-0  10261-3 0  9998
2 42016  97.4826 352.0497 0007665 140.9930 219.1861 15.23523074 37146
NAYIF-1 (EO-88)         
1 42017U 17008BX  17290.88622973  .00002394  00000-0  10316-3 0  9996
2 42017  97.4825 352.0511 0007630 141.1104 219.0683 15.23540639 37160
FLOCK 3P-23             
1 42018U 17008BY  17290.93031651  .00001912  00000-0  83506-4 0  9997
2 42018  97.4828 351.8432 0010369 117.4583 242.7709 15.23318380 35989
FLOCK 3P-76             
1 42019U 17008BZ  17290.90118985  .00002682  00000-0  11582-3 0  9990
2 42019  97.4861 351.9909 0009996 122.8255 237.3946 15.23341426 37046
FLOCK 3P-69             
1 42020U 17008CA  17290.89947472  .00001850  00000-0  80890-4 0  9996
2 42020  97.4862 351.9925 0009871 121.7484 238.4716 15.23319712 35937
FLOCK 3P-84             
1 42021U 17008CB  17290.90768685  .00001795  00000-0  78588-4 0  9995
2 42021  97.4856 351.9682 0010255 121.6384 238.5855 15.23316018 37053
FLOCK 3P-59             
1 42022U 17008CC  17291.10732795  .00003582  00000-0  15390-3 0  9999
2 42022  97.4837 352.0943 0009669 121.4140 238.8044 15.23290086 36104
FLOCK 3P-32             
1 42023U 17008CD  17290.91219582  .00003348  00000-0  14387-3 0  9997
2 42023  97.4838 351.8977 0009692 118.4095 241.8120 15.23330400 37218
FLOCK 3P-71             
1 42024U 17008CE  17290.86031245  .00002736  00000-0  11883-3 0  9998
2 42024  97.4866 351.8960 0010067 122.3056 237.9157 15.23129582 36077
FLOCK 3P-77             
1 42025U 17008CF  17290.90215648  .00003189  00000-0  13716-3 0  9995
2 42025  97.4859 351.9810 0009900 123.1109 237.1079 15.23340977 37054
FLOCK 3P-80             
1 42026U 17008CG  17289.96716960  .00004049  00000-0  17342-3 0  9998
2 42026  97.4862 351.0804 0009474 125.6534 234.5586 15.23325130 35054
FLOCK 3P-66             
1 42027U 17008CH  17290.89143599  .00003284  00000-0  14116-3 0  9991
2 42027  97.4840 351.9277 0009761 133.4197 226.7854 15.23335697 37169
FLOCK 3P-65             
1 42028U 17008CJ  17291.15209471  .00003542  00000-0  15208-3 0  9994
2 42028  97.4835 352.1914 0009590 132.7046 227.4999 15.23327479 37101
FLOCK 3P-50             
1 42029U 17008CK  17290.88618835  .00003240  00000-0  13927-3 0  9993
2 42029  97.4843 351.9403 0009424 135.6927 224.5066 15.23353783 36386
FLOCK 3P-52             
1 42030U 17008CL  17291.21617467  .00002547  00000-0  11015-3 0  9998
2 42030  97.4839 352.2553 0009549 133.7604 226.4425 15.23344315 37205
FLOCK 3P-46             
1 42031U 17008CM  17291.21061140  .00002583  00000-0  11173-3 0  9995
2 42031  97.4836 352.2564 0009453 134.6332 225.5677 15.23330972 37233
FLOCK 3P-47             
1 42032U 17008CN  17290.88374642  .00001964  00000-0  85697-4 0  9997
2 42032  97.4831 351.9260 0009341 136.0674 224.1307 15.23325540 37037
FLOCK 3P-44             
1 42033U 17008CP  17291.20547046  .00002939  00000-0  12658-3 0  9994
2 42033  97.4838 352.2689 0009298 137.3862 222.8098 15.23358705 35835
FLOCK 3P-64             
1 42034U 17008CQ  17290.87641628  .00003351  00000-0  14400-3 0  9994
2 42034  97.4836 351.9298 0009205 137.4781 222.7170 15.23334654 37205
FLOCK 3P-63             
1 42035U 17008CR  17290.87483739  .00003169  00000-0  13619-3 0  9990
2 42035  97.4834 351.9280 0009232 137.6226 222.5725 15.23372188 35173
FLOCK 3P-62             
1 42036U 17008CS  17290.86243320  .00003650  00000-0  15614-3 0  9992
2 42036  97.4836 351.9496 0009242 139.6444 220.5480 15.23429092 36376
FLOCK 3P-38             
1 42037U 17008CT  17290.93889252  .00003115  00000-0  13393-3 0  9999
2 42037  97.4834 351.9967 0008898 137.8070 222.3853 15.23372917 37164
FLOCK 3P-39             
1 42038U 17008CU  17290.87156538  .00002992  00000-0  12883-3 0  9992
2 42038  97.4830 351.9230 0009130 138.2258 221.9678 15.23359737 37106
FLOCK 3P-15             
1 42039U 17008CV  17291.20411822  .00001747  00000-0  76521-4 0  9998
2 42039  97.4828 352.2547 0009021 137.0279 223.1664 15.23346352 36431
FLOCK 3P-13             
1 42040U 17008CW  17290.87044478  .00005462  00000-0  23243-3 0  9991
2 42040  97.4838 351.9399 0008825 139.4508 220.7388 15.23388801 36371
FLOCK 3P-55             
1 42041U 17008CX  17290.91375666  .00001991  00000-0  86799-4 0  9992
2 42041  97.4834 352.0310 0008635 141.9354 218.2494 15.23338584 37227
FLOCK 3P-56             
1 42042U 17008CY  17290.90210648  .00003568  00000-0  15161-3 0  9996
2 42042  97.4832 352.0359 0008578 141.7268 218.4580 15.23684059 37013
FLOCK 3P-81             
1 42043U 17008CZ  17291.15918759  .00003381  00000-0  14521-3 0  9995
2 42043  97.4859 352.2516 0009853 123.2911 236.9271 15.23346164 36436
FLOCK 3P-87             
1 42044U 17008DA  17290.83960476  .00003279  00000-0  14096-3 0  9996
2 42044  97.4854 351.9002 0010022 121.7276 238.4938 15.23336182 36532
FLOCK 3P-29             
1 42045U 17008DB  17290.90687835  .00003151  00000-0  13559-3 0  9992
2 42045  97.4838 351.9035 0009738 118.7488 241.4728 15.23336063 36397
FLOCK 3P-82             
1 42046U 17008DC  17291.17069019  .00003649  00000-0  15634-3 0  9999
2 42046  97.4855 352.2305 0010033 121.8148 238.4067 15.23373936 36481
FLOCK 3P-78             
1 42047U 17008DD  17290.90455468  .00003170  00000-0  13651-3 0  9993
2 42047  97.4858 351.9754 0009963 121.3091 238.9122 15.23300909 36376
FLOCK 3P-74             
1 42048U 17008DE  17290.65035492  .00003034  00000-0  13068-3 0  9998
2 42048  97.4862 351.7100 0010236 122.8802 237.3421 15.23324252 36334
FLOCK 3P-31             
1 42049U 17008DF  17290.91443283  .00002167  00000-0  94308-4 0  9992
2 42049  97.4837 351.8959 0009847 119.8422 240.3795 15.23288839 35832
FLOCK 3P-83             
1 42050U 17008DG  17290.91552659  .00004281  00000-0  18313-3 0  9992
2 42050  97.4856 351.9582 0010111 122.7473 237.4740 15.23322926 37108
FLOCK 3P-72             
1 42051U 17008DH  17290.89508755  .00003644  00000-0  15625-3 0  9993
2 42051  97.4863 352.0001 0009604 121.8213 238.3960 15.23354357 34690
LEMUR-2-REDFERN-GOES    
1 42059U 98067LA  17290.81998415  .00020046  00000-0  22407-3 0  9994
2 42059  51.6366 139.8764 0005880  44.4363 315.7102 15.62723490 35154
LEMUR-2-TRUTNA          
1 42067U 98067LC  17290.94425923  .00044461  00000-0  37580-3 0  9991
2 42067  51.6355 135.4385 0003475  52.4539 307.6774 15.69281979 35056
LEMUR-2-AUSTINTACIOUS   
1 42068U 98067LD  17290.94387558  .00024499  00000-0  25566-3 0  9993
2 42068  51.6370 138.4556 0005052  37.0648 323.0696 15.64350549 35117
LEMUR-2-TRUTNAHD        
1 42069U 98067LE  17290.79095707  .00023522  00000-0  25601-3 0  9995
2 42069  51.6376 139.6992 0005061  43.7138 316.4257 15.63302403 35135
HAVELSAT                
1 42700U 98067LH  17291.20553445  .00016399  00000-0  20412-3 0  9991
2 42700  51.6381 141.7069 0005497  76.2287 283.9318 15.60077656 24119
SOMP 2                  
1 42701U 98067LJ  17291.16061710  .00017432  00000-0  22015-3 0  9996
2 42701  51.6379 142.1594 0005528  75.8860 284.2747 15.59641560 24098
COLUMBIA                
1 42702U 98067LK  17291.00450332  .00054573  00000-0  52115-3 0  9993
2 42702  51.6357 140.3551 0003206  93.3938 266.7425 15.66189591 24031
SGSAT                   
1 42703U 98067LL  17291.14843464  .00038127  00000-0  40291-3 0  9990
2 42703  51.6354 140.5636 0000065 134.5993 225.5007 15.63798854 24038
CXBN-2                  
1 42704U 98067LM  17290.97466647  .00017735  00000-0  22327-3 0  9997
2 42704  51.6381 143.1690 0000951  42.9651 317.1416 15.59721468 23993
ICECUBE                 
1 42705U 98067LN  17291.19033735  .00018727  00000-0  22321-3 0  9997
2 42705  51.6398 141.6229 0001308  12.2127 347.8898 15.61118806 24093
PHOENIX                 
1 42706U 98067LP  17291.15192169  .00018275  00000-0  22853-3 0  9999
2 42706  51.6376 142.1035 0001109  93.7949 266.3171 15.59874975 24010
X-CUBESAT               
1 42707U 98067LQ  17291.08560780  .00018795  00000-0  23376-3 0  9998
2 42707  51.6367 142.4025 0001132  97.2071 262.9050 15.59997715 23996
QBEE50-LTU-OC           
1 42708U 98067LR  17291.02685092  .00016782  00000-0  21040-3 0  9997
2 42708  51.6368 142.7603 0001135  92.1442 267.9681 15.59876503 23943
ALTAIR PATHFINDER       
1 42711U 98067LS  17291.11599957  .00011452  00000-0  15594-3 0  9991
2 42711  51.6375 143.3561 0003336   5.6813 354.4217 15.58051282 23654
SHARC                   
1 42712U 98067LT  17291.05919707  .00009192  00000-0  12852-3 0  9996
2 42712  51.6388 143.7357 0001790  23.1496 336.9577 15.57622345 23882
ZA-AEROSAT              
1 42713U 98067LU  17291.07090528  .00016269  00000-0  21171-3 0  9997
2 42713  51.6378 143.0595 0001089  10.2164 349.8851 15.58912881 23650
LINK                    
1 42714U 98067LV  17291.08165374  .00026259  00000-0  31360-3 0  9992
2 42714  51.6362 142.3736 0000554   8.9592 351.1411 15.60838542 23773
CSUNSAT 1               
1 42715U 98067LW  17291.13800951  .00016160  00000-0  20880-3 0  9991
2 42715  51.6383 142.7538 0003024 351.8096   8.2846 15.59107301 23665
UPSAT                   
1 42716U 98067LX  17291.19608572  .00018653  00000-0  22621-3 0  9997
2 42716  51.6375 141.6457 0003920  86.2414 273.9028 15.60664099 23817
SPACECUBE               
1 42717U 98067LY  17291.04001831  .00017447  00000-0  21972-3 0  9995
2 42717  51.6376 142.8513 0004063  82.9936 277.1519 15.59722038 23026
HOOPOE                  
1 42718U 98067LZ  17291.14991290  .00020040  00000-0  24689-3 0  9995
2 42718  51.6374 142.0856 0003920  84.0664 276.0776 15.60195975 23040
CHALLENGER              
1 42721U 98067MA  17291.06310604  .00029375  00000-0  34023-3 0  9997
2 42721  51.6366 142.2468 0005488  57.0923 303.0598 15.61560117 22738
NJUST-1                 
1 42722U 98067MB  17291.09889166  .00013817  00000-0  18233-3 0  9994
2 42722  51.6381 143.2425 0006614  54.6441 305.5168 15.58678029 22727
UNSW-ECO                
1 42723U 98067MC  17290.98950350  .00021829  00000-0  26982-3 0  9998
2 42723  51.6379 143.2663 0005987  55.1739 304.9816 15.60038279 22696
DUTHSAT                 
1 42724U 98067MD  17291.14219024  .00029580  00000-0  34633-3 0  9998
2 42724  51.6374 142.0330 0004804  62.7293 297.4190 15.61278204 22647
LILACSAT-1              
1 42725U 98067ME  17291.15713419  .00016922  00000-0  21838-3 0  9996
2 42725  51.6380 142.8840 0005490  60.4829 299.6710 15.59092435 22639
NSIGHT-1                
1 42726U 98067MF  17291.09161587  .00008044  00000-0  11502-3 0  9996
2 42726  51.6393 143.9498 0006349  58.1389 302.0221 15.57207434 22624
SNUSAT-1                
1 42727U 98067MG  17291.15471575  .00015156  00000-0  19672-3 0  9993
2 42727  51.6368 142.8561 0006328  14.4473 345.6699 15.59032490 22602
QBITO                   
1 42728U 98067MH  17291.06653019  .00019676  00000-0  24826-3 0  9997
2 42728  51.6391 143.0387 0003169  76.7570 283.3776 15.59581055 22438
AALTO-2                 
1 42729U 98067MJ  17291.00223406  .00019928  00000-0  25116-3 0  9998
2 42729  51.6381 143.3523 0003105  76.6889 283.4450 15.59600398 22437
SUSAT                   
1 42730U 98067MK  17291.07556916  .00017538  00000-0  22391-3 0  9999
2 42730  51.6380 143.0877 0003188  73.1139 287.0203 15.59356942 22437
I-INSPIRE II            
1 42731U 98067ML  17291.17262997  .00022696  00000-0  27753-3 0  9992
2 42731  51.6365 142.2253 0005187 356.9957   3.1004 15.60300024 22507
POLYITAN-2-SAU          
1 42732U 98067MM  17290.99684501  .00020111  00000-0  25206-3 0  9992
2 42732  51.6370 143.3027 0005409 356.0689   4.0260 15.59733005 22472
SNUSAT-1B               
1 42733U 98067MN  17291.01126682  .00016548  00000-0  21153-3 0  9994
2 42733  51.6379 143.4005 0005520 359.6021   0.4966 15.59364515 22471
EXALTA-1                
1 42734U 98067MP  17291.17551871  .00022661  00000-0  27852-3 0  9999
2 42734  51.6367 142.2466 0006877  26.3088 333.8253 15.60156377 22451
AOXIANG-1               
1 42735U 98067MQ  17290.90193213  .00014253  00000-0  18718-3 0  9991
2 42735  51.6374 144.1746 0007112  49.9074 310.2541 15.58772370 23826
BEEAGLESAT              
1 42736U 98067MR  17291.15077554  .00016733  00000-0  21616-3 0  9995
2 42736  51.6371 142.8359 0006815  49.9541 310.2049 15.59067613 22557
ATLANTIS                
1 42737U 98067MS  17291.03476572  .00045849  00000-0  46707-3 0  9994
2 42737  51.6348 141.2971 0004106  54.1962 305.9414 15.64637898 22451
LEMUR-2-ANGELA          
1 42752U 17019B   17290.91278322  .00001454  00000-0  65225-4 0  9999
2 42752  51.6401 172.3431 0011536  63.5778 296.6384 15.28031576 20055
LEMUR-2-JENNYBARNA      
1 42753U 17019C   17291.09996129  .00002822  00000-0  11359-3 0  9990
2 42753  51.6389 171.3463 0011362  65.0114 295.2045 15.28273891 20027
LEMUR-2-ROBMOORE        
1 42754U 17019D   17291.04977563  .00001601  00000-0  70657-4 0  9998
2 42754  51.6407 171.7544 0011533  66.1185 294.1002 15.27955828 20053
LEMUR-2-SPIROVISION     
1 42755U 17019E   17290.84647904  .00002416  00000-0  99414-4 0  9996
2 42755  51.6396 172.6474 0011530  66.1242 294.0944 15.28168955 19919
UCLSAT                  
1 42765U 17036A   17290.86032029  .00001940  00000-0  90281-4 0  9998
2 42765  97.4370 349.2246 0011548 197.9222 162.1608 15.21096408 18455
LITUANICASAT-2          
1 42768U 17036D   17290.87591505  .00002767  00000-0  13057-3 0  9994
2 42768  97.4376 349.0539 0016111 188.8204 171.2750 15.20190263 17739
LEMUR-2-SHAINAJOHL      
1 42771U 17036G   17290.79996708  .00002211  00000-0  10490-3 0  9995
2 42771  97.4372 349.0025 0015168 188.0867 172.0126 15.20227732 17667
LEMUR-2-XUENITERENCE    
1 42772U 17036H   17291.12540058  .00002375  00000-0  11231-3 0  9992
2 42772  97.4371 349.3311 0014861 186.4109 173.6939 15.20267570 17717
LEMUR-2-LUCYBRYCE       
1 42773U 17036J   17290.85584569  .00002856  00000-0  13385-3 0  9993
2 42773  97.4374 349.0806 0014737 186.7453 173.3587 15.20419947 17672
LEMUR-2-KUNGFOO         
1 42774U 17036K   17291.18614043  .00002128  00000-0  10080-3 0  9993
2 42774  97.4373 349.4069 0014643 185.7627 174.3442 15.20337961 17716
AALTO-1                 
1 42775U 17036L   17290.92086573  .00001444  00000-0  69625-4 0  9996
2 42775  97.4366 349.1465 0014220 185.6992 174.4083 15.20233177 17683
URSA MAIOR              
1 42776U 17036M   17290.78615838  .00001541  00000-0  74015-4 0  9990
2 42776  97.4369 349.0247 0014078 186.3990 173.7068 15.20280253 17661
COMPASS 2               
1 42777U 17036N   17291.15499601  .00002447  00000-0  11404-3 0  9999
2 42777  97.4383 349.4635 0013129 188.9384 171.1619 15.20770616 17711
LEMUR-2-LYNSEY-SYMO     
1 42779U 17036Q   17291.20416573  .00002423  00000-0  11213-3 0  9996
2 42779  97.4376 349.5376 0012519 194.9399 165.1468 15.21030406 17715
LEMUR-2-LISASAURUS      
1 42780U 17036R   17290.94155892  .00002311  00000-0  10733-3 0  9994
2 42780  97.4373 349.2728 0012358 195.8026 164.2826 15.20957638 17688
LEMUR-2-SAM-AMELIA      
1 42781U 17036S   17290.87172722  .00002551  00000-0  11776-3 0  9992
2 42781  97.4375 349.2121 0012327 196.4235 163.6603 15.21066540 17661
LEMUR-2-MCPEAKE         
1 42782U 17036T   17290.93527463  .00002573  00000-0  11863-3 0  9997
2 42782  97.4377 349.2830 0012153 195.6024 164.4839 15.21100703 17676
DIAMOND RED             
1 42783U 17036U   17290.87405361  .00001571  00000-0  74143-4 0  9991
2 42783  97.4371 349.2083 0012140 197.8859 162.1951 15.20868053 17675
PEGASUS                 
1 42784U 17036V   17290.87073988  .00001832  00000-0  85750-4 0  9994
2 42784  97.4372 349.2145 0012087 198.1974 161.8831 15.20952888 17671
DIAMOND GREEN           
1 42785U 17036W   17290.87305485  .00001644  00000-0  77478-4 0  9994
2 42785  97.4373 349.2130 0012029 198.2411 161.8395 15.20862026 17747
DIAMOND BLUE            
1 42786U 17036X   17290.87099722  .00001609  00000-0  75924-4 0  9994
2 42786  97.4373 349.2148 0011854 198.5699 161.5105 15.20841550 17748
NUDTSAT                 
1 42787U 17036Y   17290.92415757  .00002775  00000-0  12729-3 0  9999
2 42787  97.4374 349.2955 0011750 197.9763 162.1058 15.21224044 17520
SUCHAI                  
1 42788U 17036Z   17290.86225103  .00002231  00000-0  10329-3 0  9998
2 42788  97.4373 349.2242 0011737 198.1192 161.9627 15.21104727 17741
SKCUBE                  
1 42789U 17036AA  17290.85967005  .00002059  00000-0  95558-4 0  9998
2 42789  97.4371 349.2263 0011569 197.9868 162.0959 15.21120896 17669
VZLUSAT-1               
1 42790U 17036AB  17290.91830014  .00002685  00000-0  12313-3 0  9998
2 42790  97.4371 349.2975 0011308 198.1096 161.9738 15.21263932 17671
ROBUSTA-1B              
1 42792U 17036AD  17290.85003678  .00002135  00000-0  98569-4 0  9999
2 42792  97.4369 349.2348 0011101 198.9562 161.1262 15.21254142 17678
CICERO 6                
1 42793U 17036AE  17290.77187049  .00001560  00000-0  72690-4 0  9994
2 42793  97.4366 349.1846 0010131 199.5976 160.4872 15.21341987 17736
D-SAT                   
1 42794U 17036AF  17290.20152913  .00000434  00000-0  43535-4 0  9990
2 42794  97.6287 348.5529 0127730  11.0741 349.3241 14.90670543 17527
TOKI                    
1 42820U 98067MU  17290.71115783  .00013726  00000-0  18353-3 0  9990
2 42820  51.6374 145.8999 0001686 340.5235  19.5693 15.58344746 15930
GHANASAT-1              
1 42821U 98067MV  17291.03650968  .00014843  00000-0  19879-3 0  9991
2 42821  51.6375 144.3230 0001757 347.3748  12.7201 15.58226096 15967
MAZAALAI (NUMSAT-1)     
1 42822U 98067MW  17291.16529548  .00015219  00000-0  20342-3 0  9990
2 42822  51.6376 143.6834 0001776 352.2580   7.8384 15.58255990 15985
BRAC ONNESHA            
1 42823U 98067MX  17290.59012760  .00013830  00000-0  18557-3 0  9992
2 42823  51.6382 146.5954 0005103   8.2097 351.8978 15.58237798 15894
NIGERIAEDUSAT-1         
1 42824U 98067MY  17291.04321265  .00015232  00000-0  20418-3 0  9994
2 42824  51.6385 144.3714 0005001  10.7331 349.3768 15.58171645 15958
LEMUR-2-GREENBERG       
1 42837U 17042N   17290.89849706  .00001104  00000-0  11661-3 0  9992
2 42837  97.6075 197.2057 0011901 287.3042  72.6875 14.91128485 14248
LEMUR-2-ANDIS           
1 42838U 17042P   17290.89708874  .00000960  00000-0  10210-3 0  9991
2 42838  97.6075 197.2069 0011989 287.1749  72.8157 14.91144254 14247
LEMUR-2-MONSON          
1 42839U 17042Q   17291.15959125  .00000755  00000-0  81323-4 0  9995
2 42839  97.6075 197.4727 0011679 285.0693  74.9233 14.91213349 14286
LEMUR-2-FURIAUS         
1 42840U 17042R   17290.95567926  .00001116  00000-0  11737-3 0  9991
2 42840  97.6074 197.2811 0011750 286.6216  73.3713 14.91283358 14246
LEMUR-2-PETERG          
1 42841U 17042S   17290.94724903  .00001066  00000-0  11205-3 0  9995
2 42841  97.6076 197.2929 0011376 285.1275  74.8685 14.91413238 14259
LEMUR-2-DEMBITZ         
1 42842U 17042T   17290.94582853  .00001055  00000-0  11089-3 0  9990
2 42842  97.6075 197.2930 0011386 285.7263  74.2700 14.91435367 14254
LEMUR-2-ZACHARY         
1 42845U 17042W   17290.79762483  .00000529  00000-0  58004-4 0  9999
2 42845  97.6024 197.1179 0011803 291.4532  68.5428 14.91630322 14220
FLOCK 2K-03             
1 42850U 17042AB  17290.71105471  .00008955  00000-0  27422-3 0  9995
2 42850  96.9953 194.5978 0009527 274.8610  85.1546 15.33981713 14427
FLOCK 2K-04             
1 42851U 17042AC  17290.71398011  .00009255  00000-0  28404-3 0  9995
2 42851  96.9955 194.5968 0009304 276.9648  83.0537 15.33904927 14425
FLOCK 2K-01             
1 42852U 17042AD  17290.71266402  .00008857  00000-0  27176-3 0  9996
2 42852  96.9952 194.5976 0009121 275.7636  84.2568 15.33925246 14427
FLOCK 2K-02             
1 42853U 17042AE  17290.79119872  .00002395  00000-0  77324-4 0  9995
2 42853  96.9958 194.6476 0009965 272.7060  87.3043 15.32996097 14438
FLOCK 2K-47             
1 42854U 17042AF  17290.70959994  .00006785  00000-0  20845-3 0  9996
2 42854  96.9949 194.5987 0008990 273.9426  86.0790 15.33970667 14421
FLOCK 2K-48             
1 42855U 17042AG  17290.51284317  .00009718  00000-0  29691-3 0  9993
2 42855  96.9956 194.4190 0009021 275.2278  84.7936 15.34035322 14395
FLOCK 2K-45             
1 42856U 17042AH  17291.16353926  .00011013  00000-0  33592-3 0  9995
2 42856  96.9952 195.0368 0009070 270.8870  89.1335 15.34053294 14490
FLOCK 2K-24             
1 42857U 17042AJ  17290.51024734  .00011424  00000-0  34858-3 0  9998
2 42857  96.9953 194.4186 0008948 271.9580  88.0639 15.34035515 14396
FLOCK 2K-46             
1 42858U 17042AK  17291.16122448  .00010408  00000-0  31757-3 0  9998
2 42858  96.9957 195.0434 0009153 270.1716  89.8479 15.34058620 14499
FLOCK 2K-23             
1 42859U 17042AL  17291.16019422  .00011223  00000-0  34182-3 0  9997
2 42859  96.9955 195.0431 0009228 270.5582  89.4605 15.34094609 14497
FLOCK 2K-21             
1 42860U 17042AM  17290.70172015  .00009667  00000-0  29490-3 0  9991
2 42860  96.9953 194.6123 0009150 271.3418  88.6778 15.34084786 14421
FLOCK 2K-22             
1 42861U 17042AN  17290.31926645  .00010930  00000-0  33681-3 0  9997
2 42861  96.9957 194.2328 0009253 271.4950  88.5234 15.33730483 14365
FLOCK 2K-07             
1 42862U 17042AP  17290.69981281  .00009840  00000-0  29974-3 0  9994
2 42862  96.9957 194.6154 0009279 271.3532  88.6649 15.34125282 14435
FLOCK 2K-08             
1 42863U 17042AQ  17290.95834667  .00010886  00000-0  33128-3 0  9997
2 42863  96.9952 194.8616 0009237 270.3559  89.6626 15.34128538 14464
FLOCK 2K-05             
1 42864U 17042AR  17290.95991952  .00010689  00000-0  32600-3 0  9994
2 42864  96.9954 194.8628 0009354 269.4681  90.5491 15.34064219 14461
FLOCK 2K-40             
1 42865U 17042AS  17291.15263204  .00006906  00000-0  21108-3 0  9998
2 42865  96.9955 195.0527 0009239 269.4668  90.5517 15.34127325 14491
FLOCK 2K-39             
1 42866U 17042AT  17291.15168920  .00009095  00000-0  27713-3 0  9998
2 42866  96.9952 195.0519 0009265 268.4624  91.5558 15.34136144 14495
FLOCK 2K-37             
1 42867U 17042AU  17290.49765088  .00006890  00000-0  21046-3 0  9996
2 42867  96.9953 194.4369 0009306 272.5619  87.4559 15.34148591 14392
FLOCK 2K-38             
1 42868U 17042AV  17290.69069851  .00006217  00000-0  18982-3 0  9992
2 42868  96.9956 194.6258 0009401 271.3630  88.6536 15.34199934 14420
FLOCK 2K-31             
1 42869U 17042AW  17290.36269019  .00007947  00000-0  24187-3 0  9990
2 42869  96.9951 194.3179 0009432 271.2783  88.7380 15.34212307 14379
FLOCK 2K-32             
1 42870U 17042AX  17291.20975852  .00006743  00000-0  20555-3 0  9993
2 42870  96.9950 195.1229 0009597 268.4510  91.5635 15.34215366 14501
FLOCK 2K-29             
1 42871U 17042AY  17290.42584057  .00008473  00000-0  25749-3 0  9992
2 42871  96.9954 194.3849 0009648 270.8140  89.1999 15.34239669 14382
FLOCK 2K-30             
1 42872U 17042AZ  17290.68600096  .00003719  00000-0  11428-3 0  9990
2 42872  96.9953 194.6310 0009672 271.1233  88.8902 15.34240873 14415
FLOCK 2K-44             
1 42873U 17042BA  17291.20518646  .00008777  00000-0  26679-3 0  9992
2 42873  96.9956 195.1311 0010550 254.6746 105.3332 15.34211352 14500
FLOCK 2K-43             
1 42874U 17042BB  17290.69332428  .00002482  00000-0  78658-4 0  9999
2 42874  96.9953 194.6229 0011070 257.0816 102.9191 15.33551185 14420
FLOCK 2K-41             
1 42875U 17042BC  17290.87763426  .00004366  00000-0  13406-3 0  9998
2 42875  96.9954 194.8208 0010681 257.6553 102.3495 15.34164345 14455
FLOCK 2K-36             
1 42876U 17042BD  17291.20047092  .00005195  00000-0  15880-3 0  9990
2 42876  96.9955 195.1371 0010834 255.4152 104.5890 15.34224513 14506
FLOCK 2K-35             
1 42877U 17042BE  17290.74592979  .00009465  00000-0  28729-3 0  9998
2 42877  96.9953 194.7011 0010717 257.7335 102.2709 15.34233748 14435
FLOCK 2K-34             
1 42878U 17042BF  17290.67736052  .00006450  00000-0  19639-3 0  9994
2 42878  96.9952 194.6391 0010804 257.7958 102.2076 15.34256939 14426
FLOCK 2K-33             
1 42879U 17042BG  17291.19643383  .00003354  00000-0  10337-3 0  9993
2 42879  96.9951 195.1378 0010994 255.5627 104.4398 15.34205740 14500
FLOCK 2K-28             
1 42880U 17042BH  17290.69020809  .00002394  00000-0  75904-4 0  9996
2 42880  96.9955 194.6284 0011116 257.5153 102.4847 15.33569532 14428
LEMUR-2-ARTFISCHER      
1 42881U 17042BJ  17291.20473549  .00004012  00000-0  12426-3 0  9996
2 42881  96.9983 195.1601 0011607 258.5105 101.4836 15.33926776 14493
FLOCK 2K-27             
1 42882U 17042BK  17290.67254405  .00002549  00000-0  79089-4 0  9997
2 42882  96.9953 194.6496 0010956 258.3523 101.6492 15.34200482 14428
FLOCK 2K-26             
1 42883U 17042BL  17290.21319366  .00004610  00000-0  14130-3 0  9992
2 42883  96.9953 194.2189 0011090 259.4205 100.5789 15.34191455 14351
FLOCK 2K-25             
1 42884U 17042BM  17290.74088727  .00004148  00000-0  12735-3 0  9990
2 42884  96.9951 194.7021 0010832 257.4979 102.5054 15.34196668 14436
FLOCK 2K-20             
1 42885U 17042BN  17290.66841867  .00002499  00000-0  77654-4 0  9993
2 42885  96.9953 194.6547 0011080 257.6912 102.3092 15.34177470 14425
FLOCK 2K-19             
1 42886U 17042BP  17290.54098669  .00005934  00000-0  18126-3 0  9990
2 42886  96.9952 194.5282 0011182 257.3427 102.6567 15.34186222 14404
FLOCK 2K-18             
1 42887U 17042BQ  17290.79210174  .00002522  00000-0  77763-4 0  9998
2 42887  96.9954 194.7849 0011373 255.5556 104.4426 15.34406986 14443
FLOCK 2K-17             
1 42888U 17042BR  17290.72975865  .00002675  00000-0  82678-4 0  9997
2 42888  96.9950 194.7153 0011279 256.0376 103.9614 15.34284178 14438
FLOCK 2K-16             
1 42889U 17042BS  17291.18891337  .00002619  00000-0  80927-4 0  9993
2 42889  96.9955 195.1516 0010909 254.1734 105.8308 15.34307889 14502
FLOCK 2K-15             
1 42890U 17042BT  17290.79127617  .00002456  00000-0  75802-4 0  9999
2 42890  96.9958 194.7918 0011302 254.8469 105.1525 15.34408083 14443
FLOCK 2K-13             
1 42891U 17042BU  17291.18864378  .00002186  00000-0  68071-4 0  9996
2 42891  96.9955 195.1498 0011228 251.4516 108.5508 15.34231914 14504
FLOCK 2K-14             
1 42892U 17042BV  17291.18444134  .00002265  00000-0  70216-4 0  9993
2 42892  96.9950 195.1508 0011295 253.0034 106.9973 15.34347754 14507
FLOCK 2K-12             
1 42893U 17042BW  17290.78957600  .00002870  00000-0  87957-4 0  9998
2 42893  96.9955 194.7901 0011318 253.9560 106.0438 15.34498808 14441
FLOCK 2K-11             
1 42894U 17042BX  17291.18544178  .00002483  00000-0  76887-4 0  9996
2 42894  96.9957 195.1565 0011298 250.5549 109.4475 15.34288893 14508
FLOCK 2K-10             
1 42895U 17042BY  17290.78947462  .00002518  00000-0  77799-4 0  9997
2 42895  96.9952 194.7843 0011422 252.8556 107.1437 15.34349656 14441
FLOCK 2K-09             
1 42896U 17042BZ  17290.78640715  .00002699  00000-0  83081-4 0  9990
2 42896  96.9954 194.7924 0011129 251.2773 108.7264 15.34410988 14613
FLOCK 2K-06             
1 42897U 17042CA  17290.49642841  .00011511  00000-0  34936-3 0  9998
2 42897  96.9953 194.4394 0009413 271.2504  88.7662 15.34199412 14398
SILU-1 (SILKROAD 1)     
1 42903U 17021F   17291.08386899  .00024175  00000-0  27416-3 0  9992
2 42903  42.7827 343.8295 0006429  30.0750  51.9181 15.61856748 11952
