SAUDISAT 1C             
1 27607U 02058C   17290.96339254  .00000066  00000-0  30037-4 0  9996
2 27607  64.5540 110.3664 0035956  37.5978 322.7627 14.75377331797223
SAUDISAT 2              
1 28371U 04025F   17291.11222319  .00000091  00000-0  32077-4 0  9996
2 28371  98.1487 242.3686 0024835 321.8016  38.1428 14.54271007705700
SAUDISAT 3              
1 31118U 07012B   17291.08358655  .00000022  00000-0  11558-4 0  9992
2 31118  97.7411 278.0572 0013658 233.8410 126.1540 14.69073313563055
PISAT                   
1 41784U 16059B   17290.77195530  .00000152  00000-0  38537-4 0  9999
2 41784  98.1540 351.0271 0033048 134.2810 226.1112 14.63263536 56509
FLYING LAPTOP           
1 42831U 17042G   17290.85343603  .00000242  00000-0  30087-4 0  9993
2 42831  97.6075 197.1106 0012749 288.4276  71.5557 14.90722227 14224
