PROBA-1                 
1 26958U 01049B   17291.15351163 -.00000122  00000-0 -51632-5 0  9998
2 26958  97.5789 253.9837 0071803 276.9288  82.3767 14.95122118869892
BIRD 2                  
1 26959U 01049C   17291.03159718  .00002498  00000-0  76350-4 0  9997
2 26959  97.8008 244.9444 0007552 316.5935  43.4712 15.34916868885167
CUTE-1 (CO-55)          
1 27844U 03031E   17290.85442666  .00000086  00000-0  58798-4 0  9997
2 27844  98.6905 298.0797 0009719 359.4469   0.6697 14.22067421741719
CUBESAT XI-IV (CO-57)   
1 27848U 03031J   17290.46529598  .00000071  00000-0  52225-4 0  9991
2 27848  98.6996 298.0058 0009815  10.2302 349.9073 14.21678087741574
GENESIS 1               
1 29252U 06029A   17291.17553673  .00001026  00000-0  61563-4 0  9998
2 29252  64.5039 243.7797 0027867 317.0827  42.8120 15.16991804620487
FALCONSAT-3             
1 30776U 07006E   17291.21583164  .00003312  00000-0  10251-3 0  9997
2 30776  35.4368   5.7007 0002940 345.8316  14.2327 15.33137204587141
GENESIS 2               
1 31789U 07028A   17290.94980333  .00000851  00000-0  54050-4 0  9995
2 31789  64.5029 282.8988 0015511 215.6372 144.3716 15.16257449567525
APRIZESAT 4             
1 35684U 09041D   17290.82203713  .00000126  00000-0  24273-4 0  9996
2 35684  98.1405 234.4609 0048579  63.2284 325.0553 14.79069515443204
APRIZESAT 3             
1 35686U 09041F   17291.01912130  .00000196  00000-0  27906-4 0  9993
2 35686  98.2803 295.7649 0072625 335.5716  24.2063 14.87128833445447
PROBA-2                 
1 36037U 09059B   17291.13744291  .00000029  00000-0  17853-4 0  9992
2 36037  98.2482 122.6295 0012669 322.3435  37.6873 14.53014546421988
APRIZESAT 5             
1 37792U 11044E   17291.01467541  .00000112  00000-0  24559-4 0  9999
2 37792  98.3555  77.9024 0058818  21.4691 338.8964 14.75174712331970
APRIZESAT 6             
1 37793U 11044F   17291.22927227  .00000086  00000-0  22021-4 0  9997
2 37793  98.3060  62.1731 0047916  45.6976   2.4501 14.72250169331377
TET-1                   
1 38710U 12039D   17291.19208844  .00003358  00000-0  70489-4 0  9991
2 38710  97.5577 252.3125 0003365 106.5811 253.5808 15.46133594293242
STSAT-2C                
1 39068U 13003A   17290.49221517  .00042611 -37208-6  35636-3 0  9990
2 39068  80.1940 311.6689 0327177  48.4608 314.4190 15.23609346251088
PROBA-V                 
1 39159U 13021A   17291.19978198 -.00000020  00000-0  10332-4 0  9992
2 39159  98.5870   4.3103 0004796  29.4210 330.7236 14.22949556231097
CUSAT 1                 
1 39266U 13055B   17291.19697680  .00003112  00000-0  87761-4 0  9996
2 39266  80.9872 240.3651 0656244 229.6954 124.5107 14.30367492209579
STPSAT-3                
1 39380U 13064A   17290.93149533  .00002604  00000-0  81106-4 0  9995
2 39380  40.4997 121.6341 0005133 311.9331  48.1044 15.35093342216992
APRIZESAT 7             
1 39416U 13066A   17291.17528352  .00000150  00000-0  24108-4 0  9997
2 39416  97.6195 335.8306 0040657 206.9033 153.0074 14.83739374211468
APRIZESAT 8             
1 39425U 13066K   17290.91371972  .00000107  00000-0  20075-4 0  9993
2 39425  97.6149 329.1122 0051027 223.4213 136.2976 14.80980875210796
BUGSAT-1 (TITA)         
1 40014U 14033E   17291.07593460  .00000542  00000-0  54942-4 0  9993
2 40014  97.9565 217.6060 0030557 279.1776  80.5993 14.94870132181567
SAUDISAT 4              
1 40016U 14033G   17291.15298048  .00000081  00000-0  19358-4 0  9998
2 40016  97.8437 175.0198 0047046 250.6678 108.9441 14.75143384179281
TABLETSAT-AURORA        
1 40017U 14033H   17291.20058056  .00000741  00000-0  76979-4 0  9993
2 40017  97.9431 212.8579 0022203 281.8963  77.9766 14.92904831181325
APRIZESAT 9             
1 40018U 14033J   17291.10224725  .00000055  00000-0  17109-4 0  9999
2 40018  97.8237 163.5538 0070148 277.5032  81.8209 14.69830281178532
APRIZESAT 10            
1 40019U 14033K   17291.12353469  .00000071  00000-0  20821-4 0  9993
2 40019  97.8164 157.4885 0083107 293.1583  66.0882 14.66899308178234
AISAT                   
1 40054U 14034B   17290.82001716  .00000640  00000-0  97827-4 0  9996
2 40054  98.1933  32.2921 0013038  18.3522 341.8155 14.77228152177824
CANX-4                  
1 40055U 14034C   17291.05549026  .00000143  00000-0  29369-4 0  9998
2 40055  98.1884  29.4444 0014925  34.2655 325.9513 14.74651675177657
CANX-5                  
1 40056U 14034D   17291.19254456  .00000148  00000-0  30051-4 0  9999
2 40056  98.1884  29.5794 0014934  34.0256 326.1907 14.74648860177676
TDS 1                   
1 40076U 14037H   17291.17839296  .00000133  00000-0  24375-4 0  9999
2 40076  98.3425  47.1607 0007093  46.0805 314.0986 14.81363358177230
TIANTUO 2               
1 40144U 14053B   17291.20870466  .00001578  00000-0  51186-4 0  9995
2 40144  97.3167  12.3710 0011332 181.0471 206.4819 15.33422956173847
TECHNOSAT               
1 42829U 17042E   17290.92228332  .00000216  00000-0  27468-4 0  9999
2 42829  97.6072 197.1706 0012832 287.5276  72.4540 14.90694018 14236
FLYING LAPTOP           
1 42831U 17042G   17290.85343603  .00000242  00000-0  30087-4 0  9993
2 42831  97.6075 197.1106 0012749 288.4276  71.5557 14.90722227 14224
