GOES 1 (SMS-C) [-]      
1 08366U 75100A   17290.55271818 -.00000223  00000-0  00000-0 0  9990
2 08366  11.8508 317.0460 0006584 281.0547 259.5976  1.00241431153333
GOES 2 [-]              
1 10061U 77048A   17291.03866894 -.00000010  00000-0  00000+0 0  9999
2 10061  13.1089 326.1741 0017359 316.8991 144.3502  0.99398216 92061
GOES 3 [-]              
1 10953U 78062A   17289.59020553 -.00000277  00000-0  00000+0 0  9993
2 10953  13.2677 329.8016 0004510 288.4589  96.1462  0.99360804 97147
GOES 4 [-]              
1 11964U 80074A   17290.62714608 -.00000052  00000-0  00000-0 0  9991
2 11964  14.0530 333.5234 0031653  12.1134 170.7362  0.99227461 96033
GOES 5 [-]              
1 12472U 81049A   17290.11179861 -.00000269  00000-0  00000-0 0  9999
2 12472  14.2689 343.7543 0006335 254.0076 110.2481  1.00226234 91117
GOES 6 [-]              
1 14050U 83041A   17290.49119483 -.00000252  00000-0  00000-0 0  9994
2 14050  14.5121 348.6340 0003929 233.8527 258.2476  1.00237742184280
GOES 7 [-]              
1 17561U 87022A   17286.86961608  .00000023  00000-0  00000+0 0  9991
2 17561  15.1450   4.5678 0005512 286.2433  64.1713  0.99903283 95323
GOES 8 [-]              
1 23051U 94022A   17290.73352109 -.00000151  00000-0  00000-0 0  9995
2 23051  11.5393  37.7412 0008925 229.7663 131.9185  0.98904354 92830
GOES 9 [-]              
1 23581U 95025A   17290.14192543 -.00000179  00000-0  00000-0 0  9996
2 23581  11.0362  37.2385 0003615 160.8640 180.3175  0.98800350 81481
GOES 10 [-]             
1 24786U 97019A   17288.61989120 -.00000306  00000-0  00000+0 0  9994
2 24786   9.4280  42.0612 0031155 168.1513 191.9180  0.99126917 74674
GOES 11 [-]             
1 26352U 00022A   17290.81982730 -.00000306  00000-0  00000-0 0  9999
2 26352   5.1988  72.7954 0006941 161.2882 234.4277  0.99045543 21138
GOES 12 [-]             
1 26871U 01031A   17290.50499213 -.00000051  00000-0  00000-0 0  9998
2 26871   6.5489  59.0961 0010505 223.8303 123.7778  0.99139022 59385
GOES 13 [+]             
1 29155U 06018A   17290.13525206 -.00000275  00000-0  00000-0 0  9995
2 29155   0.1068 106.3802 0001914 359.8586 253.8012  1.00273552 11657
GOES 14 [S]             
1 35491U 09033A   17290.21765494 -.00000118  00000-0  00000-0 0  9995
2 35491   0.2918 274.6773 0010535 309.1348 136.1232  1.00272647 30428
GOES 15 [+]             
1 36411U 10008A   17290.30348440  .00000064  00000-0  00000-0 0  9999
2 36411   0.2655 274.7902 0004577 278.6008 166.6158  1.00277990 27951
GOES 16 [S]             
1 41866U 16071A   17290.17615652 -.00000208  00000-0  00000+0 0  9992
2 41866   0.0014 354.6498 0000965 280.3660  84.9731  1.00269947  3379
