GORIZONT 1 [-]          
1 11158U 78118A   17290.36721839 -.00000263  00000-0  00000+0 0  9990
2 11158  15.1707 264.4149 3503151 196.2408 148.7656  1.00295794 91180
GORIZONT 2 [-]          
1 11440U 79062A   17290.12202269 -.00000160  00000-0  00000-0 0  9995
2 11440  12.6859 322.1838 0007516 265.3207 281.9272  1.00239019106287
GORIZONT 3 [-]          
1 11648U 79105A   17289.73624635  .00000103  00000-0  00000-0 0  9999
2 11648  12.7992 323.3787 0011726 187.2436 181.7408  1.00298171 90741
GORIZONT 4 [-]          
1 11841U 80049A   17290.21967744 -.00000240  00000-0  00000+0 0  9991
2 11841  13.8037 327.8791 0006613 281.4088 183.0883  0.98630801202339
GORIZONT 5 [-]          
1 13092U 82020A   17290.42177309 -.00000097  00000-0  00000-0 0  9996
2 13092  14.5652 332.6767 0031964 172.5700 317.1627  0.98530921 90417
GORIZONT 6 [-]          
1 13624U 82103A   17291.12071948 -.00000287  00000-0  00000+0 0  9999
2 13624  13.4270 332.5518 0003895 258.7844 127.4723  1.00182831 89204
GORIZONT 7 [-]          
1 14160U 83066A   17289.92479809 -.00000230  00000-0  00000+0 0  9995
2 14160  14.6904 340.4122 0015407 272.0907  85.4593  0.98349339123657
GORIZONT 8 [-]          
1 14532U 83118A   17289.84837712 -.00000203  00000-0  00000+0 0  9998
2 14532  14.7634 342.0101 0023013 105.9734 246.1116  0.98271105 89439
GORIZONT 9 [-]          
1 14940U 84041A   17290.68003828 -.00000292  00000-0  00000+0 0  9992
2 14940  13.9984 340.5950 0006578 227.4481 156.3302  1.00300671 90292
GORIZONT 10 [-]         
1 15144U 84078A   17290.22310943 -.00000271  00000-0  00000+0 0  9995
2 15144  14.0351 341.5782 0005761 274.2704 176.7412  1.00257594122877
GORIZONT 11 [-]         
1 15484U 85007A   17290.09429747 -.00000209  00000-0  00000+0 0  9994
2 15484  14.0965 343.3695 0002838 262.8532  84.4807  1.00162183120883
GORIZONT 12 [-]         
1 16769U 86044A   17290.90166979 -.00000250  00000-0  00000-0 0  9995
2 16769  14.3967 348.2459 0006722 252.0531 201.0091  1.00205439115533
GORIZONT 13 [-]         
1 17083U 86090A   17290.36382961 -.00000136  00000-0  00000+0 0  9999
2 17083  15.8928 354.2892 0019733 282.8660 178.3275  0.96725764 88052
GORIZONT 14 [-]         
1 17969U 87040A   17289.68540333 -.00000167  00000-0  00000+0 0  9994
2 17969  15.3855 346.5932 0026645 137.3865 339.8349  0.97659376 88938
GORIZONT 15 [-]         
1 19017U 88028A   17291.20467459 -.00000146  00000-0  00000+0 0  9992
2 19017  15.9338 357.5766 0031501 116.4622 293.5411  0.97828655 88539
GORIZONT 16 [-]         
1 19397U 88071A   17289.90115417 -.00000012  00000-0  00000-0 0  9992
2 19397  14.8372 356.4969 0012817 343.7300  21.6459  0.99983457106599
GORIZONT 17 [-]         
1 19765U 89004A   17291.13324365 -.00000193  00000-0  00000+0 0  9999
2 19765  15.1664 359.4337 0015947  89.8055 281.6803  0.99065586104223
GORIZONT 18 [-]         
1 20107U 89052A   17288.94698747 -.00000239  00000-0  00000+0 0  9998
2 20107  15.1083   0.7914 0040291 268.7675  84.7700  0.99404449102932
GORIZONT 19 [-]         
1 20263U 89081A   17290.77546113  .00000072  00000-0  00000-0 0  9991
2 20263  14.8769   0.2140 0007814 239.2591 114.1464  1.00331194 15603
GORIZONT 20 [-]         
1 20659U 90054A   17291.02791447 -.00000129  00000-0  00000+0 0  9996
2 20659  15.0994   3.1342 0005710 186.0139 281.9229  1.00322638 99967
GORIZONT 21 [-]         
1 20923U 90094A   17290.59061431 -.00000375  00000-0  00000-0 0  9992
2 20923  15.0481   3.9152 0007166 217.6779 146.1781  1.00210346 98727
GORIZONT 22 [-]         
1 20953U 90102A   17290.02488373  .00000097  00000-0  00000-0 0  9991
2 20953  14.9871   4.2238 0007437 271.6654 143.1949  1.00339307 98635
GORIZONT 23 [-]         
1 21533U 91046A   17290.77546113  .00000005  00000-0  00000-0 0  9992
2 21533  15.4539   7.9533 0010446 253.7014  90.8700  0.98906838 15389
GORIZONT 24 [-]         
1 21759U 91074A   17290.23349208 -.00000055  00000-0  00000+0 0  9995
2 21759  15.4712   9.5980 0021107 195.0445 128.0521  0.98442474 93874
GORIZONT 25 [-]         
1 21922U 92017A   17290.41160429  .00000003  00000-0  00000-0 0  9994
2 21922  15.0422   9.3233 0023065  23.9456 330.9766  0.99856089 93333
GORIZONT 26 [-]         
1 22041U 92043A   17289.01160612 -.00000280  00000-0  00000+0 0  9991
2 22041  15.0706  11.0108 0034889 196.2634 157.5901  0.99245984 92069
GORIZONT 27 [-]         
1 22245U 92082A   17289.23174421 -.00000186  00000-0  00000-0 0  9993
2 22245  14.9944  11.1249 0015157 294.1730  70.2772  1.00146541 95406
GORIZONT 28 [-]         
1 22880U 93069A   17289.38839517  .00000064  00000-0  00000+0 0  9997
2 22880  14.8489  14.5458 0028151  90.5755 286.5751  0.99649813 87593
GORIZONT 29 [-]         
1 22907U 93072A   17290.59076677 -.00000359  00000-0  00000-0 0  9995
2 22907  14.7939  14.2221 0014978 274.3675  84.3326  1.00153382 87486
GORIZONT 30 [-]         
1 23108U 94030A   17290.45826537  .00000006  00000-0  00000-0 0  9995
2 23108  14.7312  15.2237 0006660 228.9386 126.4306  1.00269765 85731
GORIZONT 31 [-]         
1 23775U 96005A   17288.53000876 -.00000186  00000-0  00000+0 0  9994
2 23775  14.1739  20.8397 0020724 170.1900 188.1749  0.99901838 79419
GORIZONT 32 [-]         
1 23880U 96034A   17290.89821664 -.00000310  00000-0  00000-0 0  9991
2 23880  14.0794  21.4442 0012491 275.6259 152.5217  1.00147681 78352
GORIZONT 33 [-]         
1 26372U 00029A   17289.90257646  .00000113  00000-0  00000-0 0  9992
2 26372  11.9862  31.1043 0003273 224.0779 136.4017  1.00173469 63694
