INTELSAT 701 (IS-701)   
1 22871U 93066A   17290.61229858 -.00000242  00000-0  00000-0 0  9993
2 22871   4.4271  66.4206 0003141 170.9216 175.5284  0.99325964 87665
INTELSAT 26 (IS-26)     
1 24732U 97007A   17290.91028161 -.00000027  00000-0  00000-0 0  9998
2 24732   7.6456  49.1379 0004543 187.9992 182.9700  1.00272581 41011
GALAXY 25 (G-25)        
1 24812U 97026A   17290.18663320 -.00000187  00000-0  00000-0 0  9996
2 24812   0.0229 266.0688 0003436 299.6356 154.2976  1.00272308 74642
INTELSAT 5 (IS-5)       
1 24916U 97046A   17290.68702782 -.00000161  00000-0  00000-0 0  9996
2 24916   3.7815  70.4577 0003978 159.1752 201.0001  1.00271923 73891
INTELSAT 805 (IS-805)   
1 25371U 98037A   17290.73347851 -.00000053  00000-0  00000-0 0  9991
2 25371   0.2690  93.7897 0003244 131.6186 234.0775  1.00272277 70822
AFRISTAR                
1 25515U 98063A   17291.16839059  .00000106  00000-0  00000+0 0  9991
2 25515   3.5330  69.2961 0004100 149.5591 249.6269  1.00274214 69404
INTELSAT 8 (IS-8)       
1 25522U 98065A   17290.69569206 -.00000247  00000-0  00000-0 0  9990
2 25522   1.2816  87.2930 0297053 222.8863 122.9431  0.95186823 14685
GALAXY 11 (G-11)        
1 26038U 99071A   17290.77546113  .00000114  00000-0  00000-0 0  9994
2 26038   0.0823  78.9089 0001162 256.4867  15.1693  1.00273163 65372
SIRIUS-1                
1 26390U 00035A   17290.58295045 -.00000038  00000-0  00000-0 0  9997
2 26390  59.4989 223.7774 0002727 257.2748 235.5852  1.57876980 21937
INTELSAT 9 (IS-9)       
1 26451U 00043A   17290.70462646 -.00000235  00000-0  00000+0 0  9999
2 26451   3.7685  70.6838 0002896 154.9336  24.9547  1.00273093 63114
INTELSAT 12 (IS-12)     
1 26590U 00068A   17290.77546113  .00000114  00000-0  00000+0 0  9994
2 26590   0.7416  92.1099 0003259 140.6291 117.9100  1.00273647 62067
INTELSAT 1R (IS-1R)     
1 26608U 00072A   17290.95882625 -.00000144  00000-0  00000+0 0  9994
2 26608   0.5610  94.4930 0000254 244.2096 194.1238  1.00175082 61923
INTELSAT 10 (IS-10)     
1 26766U 01019A   17291.15804581  .00000106  00000-0  00000+0 0  9996
2 26766   1.7712  84.5566 0002045 147.1001 259.6011  1.00269864 60204
INTELSAT 901 (IS-901)   
1 26824U 01024A   17290.22031527 -.00000165  00000-0  00000+0 0  9992
2 26824   0.0104 257.5447 0002460 309.8778 239.8123  1.00271495 59862
INTELSAT 902 (IS-902)   
1 26900U 01039A   17291.01507691  .00000011  00000-0  00000+0 0  9990
2 26900   0.0407  78.9118 0002752 122.7368 252.4941  1.00270100 59045
DIRECTV 4S              
1 26985U 01052A   17290.61829719 -.00000137  00000-0  00000+0 0  9991
2 26985   0.0153 227.1737 0002680 347.8033 292.7421  1.00272498 58265
INTELSAT 904 (IS-904)   
1 27380U 02007A   17290.77546113  .00000113  00000-0  00000+0 0  9996
2 27380   0.0179 154.1260 0002505  56.7509 139.8729  1.00273100 57355
INTELSAT 903 (IS-903)   
1 27403U 02016A   17290.70462646 -.00000247  00000-0  00000-0 0  9993
2 27403   0.1011  93.4438 0001513  62.7713  92.3528  1.00271405 13944
DIRECTV 5 (TEMPO 1)     
1 27426U 02023A   17290.23385164 -.00000080  00000-0  00000+0 0  9997
2 27426   0.0116 148.6373 0003114  57.4865 153.8795  1.00274298 56571
INTELSAT 905 (IS-905)   
1 27438U 02027A   17290.69351622 -.00000207  00000-0  00000+0 0  9997
2 27438   0.0103 219.1864 0002450 349.8965  42.4812  1.00271005 56239
GALAXY 3C (G-3C)        
1 27445U 02030A   17290.19211462 -.00000175  00000-0  00000+0 0  9995
2 27445   0.0204 277.2741 0001806  45.4218  37.3108  1.00270981 56224
INTELSAT 906 (IS-906)   
1 27513U 02041A   17290.91329005 -.00000008  00000-0  00000-0 0  9992
2 27513   0.0240 246.9617 0002965 326.6035 205.9854  1.00271990 55303
INTELSAT 907 (IS-907)   
1 27683U 03007A   17290.00494919 -.00000226  00000-0  00000-0 0  9992
2 27683   0.0171 237.5388 0002644 331.3964 151.0689  1.00273248 53711
GALAXY 12 (G-12)        
1 27715U 03013B   17290.56926701  .00000035  00000-0  00000+0 0  9991
2 27715   0.0311 349.9813 0002557 234.6846 237.5600  1.00274066 53274
GALAXY 23 (G-23)        
1 27854U 03034A   17291.21515271 -.00000009  00000-0  00000+0 0  9999
2 27854   0.0186 251.9181 0003037 319.2759 132.1883  1.00272004 56811
GALAXY 13 (HORIZONS-1)  
1 27954U 03044A   17291.18263091  .00000026  00000-0  00000+0 0  9995
2 27954   0.0371 111.3172 0002056 115.6470  98.6707  1.00273697 51438
DIRECTV 7S              
1 28238U 04016A   17290.73799236 -.00000022  00000-0  00000-0 0  9994
2 28238   0.0207 300.7827 0002809 270.6706 321.5885  1.00271703 49341
INTELSAT 10-02          
1 28358U 04022A   17290.83938240 -.00000034  00000-0  00000+0 0  9997
2 28358   0.0202 149.1723 0001650 167.8061  10.7600  1.00271121 48898
XM-3 (RHYTHM)           
1 28626U 05008A   17291.10443608 -.00000228  00000-0  00000+0 0  9995
2 28626   0.0177  98.4346 0000192 125.7009 115.1559  1.00271216 46334
SPACEWAY 1              
1 28644U 05015A   17290.61569098 -.00000125  00000-0  00000+0 0  9996
2 28644   0.0154 223.5102 0000219 196.2575  85.2601  1.00269999 45789
DIRECTV 8               
1 28659U 05019A   17290.20812911 -.00000139  00000-0  00000-0 0  9992
2 28659   0.0164 270.8874 0003269 309.6184 139.4889  1.00272114 45414
GALAXY 28 (G-28)        
1 28702U 05022A   17291.09838167 -.00000207  00000-0  00000+0 0  9999
2 28702   0.0241 229.8875 0000352 217.6117 245.6874  1.00268644 45099
GALAXY 14 (G-14)        
1 28790U 05030A   17291.19989500  .00000015  00000-0  00000+0 0  9990
2 28790   0.0522  83.9886 0002335 127.3796 122.4820  1.00272219 44570
GALAXY 15 (G-15)        
1 28884U 05041A   17290.56045132  .00000055  00000-0  00000+0 0  9994
2 28884   0.0248 106.3807 0001630 121.9179 226.7448  1.00274370 43892
SPACEWAY 2              
1 28903U 05046B   17290.85118966 -.00000149  00000-0  00000+0 0  9994
2 28903   0.0315  48.3086 0000277 314.8290 230.7809  1.00272229 43769
GALAXY 16 (G-16)        
1 29236U 06023A   17290.62267374 -.00000150  00000-0  00000-0 0  9996
2 29236   0.0106 250.7338 0002496 317.5107 303.2442  1.00272391 41507
DIRECTV 9S              
1 29494U 06043A   17290.62038954 -.00000137  00000-0  00000-0 0  9999
2 29494   0.0129 170.8681 0002950  36.6104 301.0911  1.00272008 19677
XM-4 (BLUES)            
1 29520U 06049A   17290.85604885 -.00000046  00000-0  00000-0 0  9991
2 29520   0.0373  67.9976 0000399 299.2027 212.3059  1.00272479 19755
GALAXY 17 (G-17)        
1 31307U 07016B   17290.84632750 -.00000197  00000-0  00000+0 0  9999
2 31307   0.0315 319.8366 0002904 244.7848  35.6105  1.00271872 38349
DIRECTV 10              
1 31862U 07032A   17290.21371342 -.00000127  00000-0  00000+0 0  9994
2 31862   0.0024 259.2651 0000206 285.1880 175.5467  1.00270561 37678
SPACEWAY 3              
1 32018U 07036A   17290.85118966 -.00000174  00000-0  00000+0 0  9995
2 32018   0.0409  62.3477 0000265 313.4803 222.1912  1.00272233 37394
INTELSAT 11 (IS-11)     
1 32253U 07044B   17290.70948928 -.00000291  00000-0  00000-0 0  9999
2 32253   0.0168 196.1195 0001874  44.0546 358.6628  1.00270347 36873
HORIZONS-2              
1 32388U 07063B   17290.76368720 -.00000205  00000-0  00000+0 0  9995
2 32388   0.0186 278.2692 0002298 293.7313 174.2426  1.00271310 36152
DIRECTV 11              
1 32729U 08013A   17291.05968769 -.00000148  00000-0  00000+0 0  9998
2 32729   0.0360  68.2686 0000185  20.2074 220.5863  1.00272060 35203
GALAXY 18 (G-18)        
1 32951U 08024A   17290.26956913  .00000002  00000-0  00000-0 0  9996
2 32951   0.0156 241.3293 0002733 318.1171 160.5623  1.00268750 14170
INTELSAT 25 (IS-25)     
1 33153U 08034A   17290.01600565 -.00000248  00000-0  00000-0 0  9997
2 33153   0.0104 168.5628 0002460  73.9601 117.4709  1.00271982 34013
GALAXY 19 (G-19)        
1 33376U 08045A   17290.19748191 -.00000163  00000-0  00000-0 0  9999
2 33376   0.0090 207.1664 0002823 359.4463 153.3918  1.00272257 33213
SIRIUS FM-5             
1 35493U 09034A   17290.84632750 -.00000223  00000-0  00000-0 0  9992
2 35493   0.0187 284.4613 0000908 100.7383 219.8852  1.00271184 15004
INTELSAT 14 (IS-14)     
1 36097U 09064A   17291.05074477 -.00000296  00000-0  00000+0 0  9995
2 36097   0.0207 223.6641 0002378 352.2035 144.1164  1.00268210 28988
INTELSAT 15 (IS-15)     
1 36106U 09067A   17290.76368720 -.00000209  00000-0  00000-0 0  9998
2 36106   0.0380  67.7505 0002189 151.1341 167.6597  1.00271611  9576
DIRECTV 12              
1 36131U 09075A   17290.61568921 -.00000126  00000-0  00000-0 0  9992
2 36131   0.0169 229.3413 0000088 274.2640   1.5473  1.00269895 14866
INTELSAT 16 (IS-16)     
1 36397U 10006A   17291.20535419 -.00000306  00000-0  00000+0 0  9993
2 36397   0.0219 233.5086 0001464 353.0650 176.1124  1.00267252 28014
XM-5                    
1 37185U 10053A   17290.84632750 -.00000227  00000-0  00000-0 0  9999
2 37185   0.0201 246.1384 0001909 118.9684 240.9133  1.00272032 25762
INTELSAT 17 (IS-17)     
1 37238U 10065B   17290.90966144 -.00000026  00000-0  00000-0 0  9992
2 37238   0.0172 209.4923 0003120 354.5355 216.0958  1.00275224 21692
INTELSAT NEW DAWN       
1 37392U 11016A   17290.78032123  .00000133  00000-0  00000+0 0  9994
2 37392   0.0151 217.6314 0001347  38.8631  83.7096  1.00271413 23783
INTELSAT 18 (IS-18)     
1 37834U 11056A   17290.72896337  .00000030  00000-0  00000-0 0  9995
2 37834   0.0152 261.7587 0001878 313.6661 253.4292  1.00274632 22210
INTELSAT 22 (IS-22)     
1 38098U 12011A   17290.72626848 -.00000083  00000-0  00000-0 0  9997
2 38098   0.0170  73.3112 0002299 135.1773 151.5186  1.00272733 20109
INTELSAT 19 (IS-19)     
1 38356U 12030A   17290.46613354 -.00000080  00000-0  00000-0 0  9991
2 38356   0.0205  78.1079 0003048 137.2594 144.6319  1.00272517 18745
INTELSAT 20 (IS-20)     
1 38740U 12043A   17290.73630366 -.00000048  00000-0  00000-0 0  9998
2 38740   0.0118 183.6343 0002668 358.7713 177.6128  1.00272252 19034
INTELSAT 21 (IS-21)     
1 38749U 12045A   17290.08943262 -.00000309  00000-0  00000-0 0  9999
2 38749   0.0175 135.5705 0002065  75.2762 149.1601  1.00272386 18824
INTELSAT 23 (IS-23)     
1 38867U 12057A   17291.07284450 -.00000307  00000-0  00000+0 0  9997
2 38867   0.0279 254.6443 0001763 326.7938 138.5688  1.00274490 18381
SIRIUS FM-6             
1 39360U 13058A   17290.25055874 -.00000041  00000-0  00000-0 0  9999
2 39360   0.0218 262.7260 0000527 222.3020 234.9960  1.00270821 14441
INTELSAT 30 (IS-30)     
1 40271U 14062A   17291.13799363 -.00000172  00000-0  00000+0 0  9998
2 40271   0.0194 219.9953 0002102 235.1949 246.2471  1.00268923 11038
INTELSAT 34 (IS-34)     
1 40874U 15039A   17291.07982888 -.00000308  00000-0  00000+0 0  9992
2 40874   0.0169 248.9919 0000265 160.8742 310.1565  1.00270845  7953
INTELSAT 29E (IS-29E)   
1 41308U 16004A   17291.06461268 -.00000304  00000-0  00000+0 0  9997
2 41308   0.0166 244.2805 0001559 324.2653 151.4659  1.00271102  6439
INTELSAT 31 (IS-31)     
1 41581U 16035A   17290.19209250 -.00000175  00000-0  00000-0 0  9995
2 41581   0.0242 244.9612 0001241 334.2780 140.7709  1.00271443  4961
INTELSAT 36 (IS-36)     
1 41747U 16053A   17290.73632022 -.00000048  00000-0  00000-0 0  9995
2 41747   0.0203 318.9444 0003258  20.9289  20.1336  1.00271508  4251
INTELSAT 33E (IS-33E)   
1 41748U 16053B   17289.76255784  .00000024  00000-0  00000+0 0  9995
2 41748   0.0306  49.7597 0003115 170.3110 139.9249  1.00272267  4489
INTELSAT 32E (IS-32E)   
1 41945U 17007B   17291.04574216 -.00000291  00000-0  00000+0 0  9999
2 41945   0.0229 217.7155 0001691 315.0904 187.1965  1.00268099  2526
INTELSAT 35E (IS-35E)   
1 42818U 17041A   17291.02163972 -.00000260  00000-0  00000+0 0  9994
2 42818   0.0252 228.7996 0001864 338.5888 152.6018  1.00269745  1119
INTELSAT 37E (IS-37E)   
1 42950U 17059A   17287.49042019 -.00000150  00000-0  00000+0 0  9992
2 42950   0.1255 194.3630 1618492 157.2796 155.0887  1.25634743   277
