IRIDIUM 106 [+]         
1 41917U 17003A   17290.53496942  .00000116  00000-0  34275-4 0  9997
2 41917  86.3970 330.9526 0002049 110.5124 249.6292 14.34213515 39616
IRIDIUM 103 [+]         
1 41918U 17003B   17290.59211071  .00000102  00000-0  29500-4 0  9992
2 41918  86.3970 330.8392 0001592  81.4310 278.7066 14.34217915 39656
IRIDIUM 109 [+]         
1 41919U 17003C   17290.59845294  .00000102  00000-0  29238-4 0  9991
2 41919  86.3972 330.8439 0002088  92.5375 267.6060 14.34217347 39612
IRIDIUM 102 [+]         
1 41920U 17003D   17290.56673605  .00000105  00000-0  30292-4 0  9990
2 41920  86.3970 330.8488 0002252  87.3490 272.7963 14.34220327 39698
IRIDIUM 105 [+]         
1 41921U 17003E   17290.79826898  .00000264  00000-0  28179-4 0  9997
2 41921  85.8760 311.8254 0010188   4.8686 355.2634 14.84172524 40940
IRIDIUM 104 [+]         
1 41922U 17003F   17290.92826094  .00000090  00000-0  25071-4 0  9996
2 41922  86.3970 330.6913 0001799 108.1872 251.9520 14.34216836 39735
IRIDIUM 114 [+]         
1 41923U 17003G   17290.58576297  .00000091  00000-0  25337-4 0  9992
2 41923  86.3970 330.8271 0002393 103.4567 256.6896 14.34217254 39682
IRIDIUM 108 [+]         
1 41924U 17003H   17290.79205765  .00000284  00000-0  30645-4 0  9997
2 41924  85.8787 311.8271 0010022   3.5864 356.5428 14.84176858 40930
IRIDIUM 112 [+]         
1 41925U 17003J   17290.57308090  .00000102  00000-0  29421-4 0  9998
2 41925  86.3966 330.8250 0002866  90.4200 269.7324 14.34219202 39697
IRIDIUM 111 [+]         
1 41926U 17003K   17290.56039559  .00000115  00000-0  33851-4 0  9995
2 41926  86.3968 330.8325 0001642  93.9804 266.1580 14.34218052 39666
IRIDIUM 113 [+]         
1 42803U 17039A   17290.90576511  .00000299  00000-0  32474-4 0  9994
2 42803  85.6152 223.8930 0012427 190.1064 169.9910 14.84056805 16913
IRIDIUM 123 [+]         
1 42804U 17039B   17290.86091601  .00000075  00000-0  19565-4 0  9990
2 42804  86.3989 235.8933 0002109  78.1531 281.9902 14.34217624 16409
IRIDIUM 120 [+]         
1 42805U 17039C   17290.91189311  .00000296  00000-0  32083-4 0  9998
2 42805  85.6120 223.9016 0012973 192.8005 167.2890 14.84057646 16918
IRIDIUM 115 [+]         
1 42806U 17039D   17290.90881278  .00000302  00000-0  32790-4 0  9992
2 42806  85.8760 227.4716 0014534 192.7538 167.3319 14.84052966 16919
IRIDIUM 118 [+]         
1 42807U 17039E   17290.89262234  .00000073  00000-0  19038-4 0  9991
2 42807  86.3989 235.8908 0002611  75.9929 284.1556 14.34217562 16409
IRIDIUM 117 [+]         
1 42808U 17039F   17290.91165110  .00000071  00000-0  18256-4 0  9999
2 42808  86.3988 235.8680 0001509 101.1418 258.9947 14.34218229 16433
IRIDIUM 126 [+]         
1 42809U 17039G   17290.86724986  .00000071  00000-0  18285-4 0  9998
2 42809  86.3990 235.8886 0002006  81.0115 279.1308 14.34218454 16412
IRIDIUM 124 [+]         
1 42810U 17039H   17290.91496689  .00000367  00000-0  40673-4 0  9996
2 42810  85.6819 227.5724 0011825 187.2643 172.8410 14.84055652 16911
IRIDIUM 128 [+]         
1 42811U 17039J   17290.92132324  .00000072  00000-0  18603-4 0  9992
2 42811  87.4978 248.4293 0001760 124.0079 236.1286 14.35401928 16439
IRIDIUM 121 [+]         
1 42812U 17039K   17290.88628015  .00000072  00000-0  18627-4 0  9991
2 42812  86.3990 235.8919 0002059  80.4611 279.6818 14.34218019 16288
IRIDIUM 133 [+]         
1 42955U 17061A   17291.17156793  .00000083  00000-0  14226-4 0  9999
2 42955  86.5219 267.3638 0000662 166.1303 193.9923 14.55308731  1269
IRIDIUM 100 [+]         
1 42956U 17061B   17290.92261282  .00000036  00000-0  32339-5 0  9996
2 42956  86.5213 267.4688 0002080  90.2638 269.8809 14.56768865  1236
IRIDIUM 122 [+]         
1 42957U 17061C   17290.88784346  .00000031  00000-0  20039-5 0  9992
2 42957  86.5193 267.4784 0001772  62.2801 297.8587 14.56886718  1220
IRIDIUM 129 [+]         
1 42958U 17061D   17290.92822023  .00000059  00000-0  89353-5 0  9997
2 42958  86.5213 267.4731 0001658  65.1053 295.0326 14.54519709  1233
IRIDIUM 119 [+]         
1 42959U 17061E   17290.90840132  .00000072  00000-0  11154-4 0  9995
2 42959  86.5226 267.4812 0002240  58.3484 301.7943 14.56983084  1231
IRIDIUM 107 [+]         
1 42960U 17061F   17290.73026300  .00000070  00000-0  51502-5 0  9991
2 42960  86.6792 267.5475 0012558 190.5543 169.5419 14.83429756  1213
IRIDIUM 132 [+]         
1 42961U 17061G   17290.93225208  .00000112  00000-0  10230-4 0  9991
2 42961  86.6790 267.4635 0012859 189.4562 170.6421 14.83497665  1244
IRIDIUM 136 [+]         
1 42962U 17061H   17290.45974811  .00000063  00000-0  43245-5 0  9998
2 42962  86.6794 267.6613 0013001 190.2718 169.8242 14.83559701  1173
IRIDIUM 139 [+]         
1 42963U 17061J   17290.45951639  .00000076  00000-0  58923-5 0  9995
2 42963  86.6800 267.6621 0013074 189.2205 170.8780 14.83603513  1170
IRIDIUM 125 [+]         
1 42964U 17061K   17290.45930739  .00000134  00000-0  12908-4 0  9991
2 42964  86.6816 267.6635 0013024 188.0481 172.0535 14.83643548  1175
