IRIDIUM 8 [+]           
1 24792U 97020A   17290.54071178 -.00000025  00000-0 -16171-4 0  9993
2 24792  86.3925 267.5124 0002247  84.3645 275.7807 14.34215646 70505
IRIDIUM 7 [+]           
1 24793U 97020B   17290.67336613  .00000075  00000-0  19886-4 0  9995
2 24793  86.3932 267.7488 0002336  91.1897 268.9566 14.34230870 70527
IRIDIUM 6 [+]           
1 24794U 97020C   17290.52806939 -.00000048  00000-0 -24171-4 0  9998
2 24794  86.3928 267.7364 0002132  83.5868 276.5570 14.34213573 70490
IRIDIUM 5 [+]           
1 24795U 97020D   17290.94031409 -.00000078  00000-0 -35052-4 0  9990
2 24795  86.3920 267.5787 0002067  84.9733 275.1699 14.34212062 70830
IRIDIUM 4 [-]           
1 24796U 97020E   17290.52165955  .00000127  00000-0  37378-4 0  9995
2 24796  86.3926 266.5994 0002263  88.0593  51.4207 14.35181861 70814
IRIDIUM 914 [-]         
1 24836U 97030A   17290.94499759  .00000140  00000-0  39059-4 0  9992
2 24836  86.3894 282.8607 0003873  81.4787 278.6850 14.38783651204493
IRIDIUM 12 [+]          
1 24837U 97030B   17290.56701927 -.00000066  00000-0 -30480-4 0  9992
2 24837  86.3914 298.9229 0002187  88.4656  62.3331 14.34217799 64200
IRIDIUM 10 [+]          
1 24839U 97030D   17290.48484667 -.00000041  00000-0 -21786-4 0  9996
2 24839  86.3913 298.9362 0002180  88.7310  63.4327 14.34217356 64466
IRIDIUM 13 [+]          
1 24840U 97030E   17290.54418908 -.00000019  00000-0 -13995-4 0  9998
2 24840  86.3922 299.0396 0001333  94.1550 265.9798 14.34217257 64510
IRIDIUM 16 [-]          
1 24841U 97030F   17290.50041877  .00000138  00000-0  39953-4 0  9994
2 24841  86.3996 298.7806 0001001 175.7973 184.3233 14.36741688 65141
IRIDIUM 911 [-]         
1 24842U 97030G   17290.88865157  .00000161  00000-0  40242-4 0  9990
2 24842  86.4423 299.3298 0016107  49.8342 310.4267 14.44988220 70671
IRIDIUM 15 [+]          
1 24869U 97034A   17290.58665863  .00000134  00000-0  37129-4 0  9992
2 24869  86.4182 330.8787 0001985  86.5405 273.6020 14.38609248 61267
IRIDIUM 17 [-]          
1 24870U 97034B   17290.82929560  .00000140  00000-0  41589-4 0  9990
2 24870  86.3959 328.7942 0003030 129.0890 231.0576 14.35780152 61774
IRIDIUM 920 [-]         
1 24871U 97034C   17290.50799871  .00000138  00000-0  37860-4 0  9990
2 24871  86.3950 314.8158 0009801 303.8945  56.1321 14.39493076 63682
IRIDIUM 18 [+]          
1 24872U 97034D   17290.78901073  .00000122  00000-0  33209-4 0  9996
2 24872  86.4208 330.8253 0001796  81.6182 278.5220 14.38608897 61519
IRIDIUM 921 [-]         
1 24873U 97034E   17290.65716654  .00000723  00000-0  40506-4 0  9997
2 24873  86.3970   8.0865 0005326 291.3132  68.7537 15.11598967106312
IRIDIUM 26 [-]          
1 24903U 97043A   17290.79186429  .00000091  00000-0  24771-4 0  9991
2 24903  86.4022 203.4702 0001956  82.9889 277.1530 14.35278776 55088
IRIDIUM 25 [+]          
1 24904U 97043B   17290.79398932  .00000186  00000-0  59244-4 0  9994
2 24904  86.4013 204.1740 0002001  78.7829 281.3592 14.34221524 55193
IRIDIUM 46 [+]          
1 24905U 97043C   17290.87644657  .00000017  00000-0 -95069-6 0  9993
2 24905  86.4044 204.1380 0001829  62.7612 297.3770 14.34223790 55415
IRIDIUM 23 [+]          
1 24906U 97043D   17290.95239317  .00000226  00000-0  73760-4 0  9999
2 24906  86.4026 204.1767 0002145  76.9293 347.8388 14.34221803 55159
IRIDIUM 22 [+]          
1 24907U 97043E   17290.84473281  .00000223  00000-0  72487-4 0  9990
2 24907  86.4022 204.8361 0002136  80.1687 279.9750 14.34221729 55422
DUMMY MASS 1 [-]        
1 24925U 97048A   17291.14746193  .00000097  00000-0  80145-5 0  9994
2 24925  86.3372 346.7292 0006072 347.4499  12.6572 14.85150721 89836
DUMMY MASS 2 [-]        
1 24926U 97048B   17290.59864739  .00000093  00000-0  75860-5 0  9994
2 24926  86.3375 348.1179 0007255 355.6286   4.4873 14.84918655 89356
IRIDIUM 29 [-]          
1 24944U 97051A   17290.87054423  .00000159  00000-0  49407-4 0  9990
2 24944  86.3981 235.5353 0002378  83.5434 276.6032 14.34627945 51808
IRIDIUM 32 [+]          
1 24945U 97051B   17290.87349246  .00000132  00000-0  39969-4 0  9994
2 24945  86.3976 235.7819 0002265  80.8371 279.3081 14.34215276 52004
IRIDIUM 33 [-]          
1 24946U 97051C   17290.89213263  .00000091  00000-0  25702-4 0  9990
2 24946  86.3895 235.3480 0007133 188.1928 171.9152 14.33572724 51608
IRIDIUM 28 [-]          
1 24948U 97051E   17290.87477304  .00000110  00000-0  31472-4 0  9991
2 24948  86.3987 234.6927 0001889  88.6073 271.5340 14.35574496 52110
IRIDIUM 30 [-]          
1 24949U 97051F   17271.33813138  .24952974 -19063-5  38201-3 0  9992
2 24949  86.3452 238.9858 0025131 154.2013 206.3664 16.46254047 49862
IRIDIUM 31 [+]          
1 24950U 97051G   17290.41907876  .00000006  00000-0 -46166-5 0  9998
2 24950  86.4237 236.0709 0002111  76.2930 283.8503 14.38594511 52031
IRIDIUM 19 [+]          
1 24965U 97056A   17290.49631145 -.00000005  00000-0 -88561-5 0  9995
2 24965  86.3925 267.5431 0002189  83.8906 276.2539 14.34216655 50087
IRIDIUM 35 [+]          
1 24966U 97056B   17290.50899721 -.00000010  00000-0 -10683-4 0  9999
2 24966  86.3924 267.5308 0002183  83.8202 276.3243 14.34216172 49785
IRIDIUM 36 [-]          
1 24967U 97056C   17290.94483931  .00000117  00000-0  33813-4 0  9996
2 24967  86.3941 266.3081 0002372  91.4989 268.6479 14.35625902 50476
IRIDIUM 37 [+]          
1 24968U 97056D   17290.55338335 -.00000009  00000-0 -10429-4 0  9991
2 24968  86.3928 267.7023 0002224  83.7975 276.3474 14.34216523 49864
IRIDIUM 34 [+]          
1 24969U 97056E   17290.50264781 -.00000005  00000-0 -90149-5 0  9994
2 24969  86.3927 267.6605 0002199  85.1187 275.0259 14.34216275 50077
IRIDIUM 43 [-]          
1 25039U 97069A   17291.17078044  .00107149  18556-5  46574-3 0  9992
2 25039  86.3921 318.7712 0214412 288.6702  69.1393 15.57926433 45584
IRIDIUM 41 [+]          
1 25040U 97069B   17290.76332249  .00000130  00000-0  39445-4 0  9990
2 25040  86.3959 330.7299 0002060  92.8509 267.2923 14.34225640 43589
IRIDIUM 40 [-]          
1 25041U 97069C   17290.88386570  .00059881 -43215-6  47652-3 0  9997
2 25041  86.3818 317.1443 0239888 169.2700 191.3811 15.41775394 45777
IRIDIUM 39 [B]          
1 25042U 97069D   17290.55582381  .00000170  00000-0  41847-4 0  9996
2 25042  86.3913 327.0134 0016755 265.1552  94.7738 14.46188572 44142
IRIDIUM 38 [-]          
1 25043U 97069E   17290.71791269  .00000125  00000-0  36260-4 0  9995
2 25043  86.3955 327.7791 0001264 130.2493 229.8815 14.36054660 44056
IRIDIUM 42 [-]          
1 25077U 97077A   17290.53766989  .00000155  00000-0  48016-4 0  9997
2 25077  86.3966 330.7568 0001795  98.5264 261.6136 14.34505106 39724
IRIDIUM 44 [-]          
1 25078U 97077B   17290.53416619  .00000145  00000-0  41312-4 0  9991
2 25078  86.3945 320.0241 0001652 144.0447 216.0862 14.38150411 41186
IRIDIUM 45 [+]          
1 25104U 97082A   17290.92422287  .00000143  00000-0  43950-4 0  9996
2 25104  86.3974 235.8830 0001238  84.0082 276.1255 14.34220626 37701
IRIDIUM 24 [-]          
1 25105U 97082B   17290.84059165  .00000118  00000-0  31176-4 0  9998
2 25105  86.3968 183.6877 0009991 308.3746  51.6554 14.39881446 40259
IRIDIUM 47 [+]          
1 25106U 97082C   17290.95257160  .00000186  00000-0  59346-4 0  9990
2 25106  86.4010 203.9755 0002116  76.8657 283.2774 14.34223000 37670
IRIDIUM 49 [+]          
1 25108U 97082E   17290.90995946  .00000193  00000-0  61688-4 0  9998
2 25108  86.4013 204.0990 0002110  78.6693 356.1323 14.34219918 37709
IRIDIUM 52 [+]          
1 25169U 98010A   17290.50610170 -.00000022  00000-0 -15009-4 0  9995
2 25169  86.3918 299.2516 0002184  88.7373 271.4073 14.34217613 29316
IRIDIUM 56 [+]          
1 25170U 98010B   17290.42999959 -.00000002  00000-0 -79057-5 0  9995
2 25170  86.3915 299.3978 0001886  91.6048 268.5363 14.34217460 29205
IRIDIUM 54 [+]          
1 25171U 98010C   17290.53149352 -.00000013  00000-0 -11623-4 0  9998
2 25171  86.3919 299.2626 0002208  88.8544 271.2905 14.34217519 29485
IRIDIUM 50 [+]          
1 25172U 98010D   17290.42365400 -.00000016  00000-0 -12956-4 0  9994
2 25172  86.3919 299.2633 0002270  87.7689 272.3766 14.34217483 29006
IRIDIUM 53 [+]          
1 25173U 98010E   17290.44269506 -.00000012  00000-0 -11442-4 0  9992
2 25173  86.3919 299.2621 0002192  89.0292 271.1155 14.34217514 29028
IRIDIUM 51 [S]          
1 25262U 98018A   17290.88320309  .00000014  00000-0 -19617-5 0  9990
2 25262  86.3928 267.7318 0002310  70.7525 289.3921 14.34216966 28502
IRIDIUM 61 [+]          
1 25263U 98018B   17290.48997111 -.00000012  00000-0 -11320-4 0  9999
2 25263  86.3927 267.6941 0002181  83.4285 276.7159 14.34215548 24394
IRIDIUM 55 [+]          
1 25272U 98019A   17290.91234487  .00000141  00000-0  39492-4 0  9999
2 25272  86.4233 235.6743 0002263  72.7837 287.3609 14.38596322 23477
IRIDIUM 57 [-]          
1 25273U 98019B   17290.87372659  .00000105  00000-0  30407-4 0  9996
2 25273  86.3983 236.0064 0002324  85.3643 274.7818 14.34283365 23437
IRIDIUM 58 [+]          
1 25274U 98019C   17290.91856157  .00000126  00000-0  34709-4 0  9994
2 25274  86.4232 236.1810 0002287  75.2974 284.8478 14.38593508 23474
IRIDIUM 59 [+]          
1 25275U 98019D   17290.82909274 -.00000232  00000-0 -89929-4 0  9998
2 25275  86.3975 236.0685 0002335  77.2135 282.9322 14.34216585 23720
IRIDIUM 60 [+]          
1 25276U 98019E   17290.41684564  .00000134  00000-0  40884-4 0  9992
2 25276  86.3973 235.8559 0002204  82.5666 277.5780 14.34220048 23377
IRIDIUM 62 [+]          
1 25285U 98021A   17290.86670694  .00000176  00000-0  55666-4 0  9993
2 25285  86.4001 172.6637 0002019  79.1677 280.9745 14.34218071 22611
IRIDIUM 63 [-]          
1 25286U 98021B   17290.83882878  .00000132  00000-0  39761-4 0  9990
2 25286  86.4032 173.0906 0002174  82.7699 323.8891 14.34687731 22359
IRIDIUM 64 [+]          
1 25287U 98021C   17290.67007154  .00000169  00000-0  53202-4 0  9995
2 25287  86.4002 172.7896 0002017  87.2230 272.9197 14.34218367 22288
IRIDIUM 65 [+]          
1 25288U 98021D   17290.67642988  .00000174  00000-0  54944-4 0  9996
2 25288  86.4000 172.6881 0001956  80.3628 279.7789 14.34217496 22291
IRIDIUM 66 [+]          
1 25289U 98021E   17290.82231163  .00000164  00000-0  51424-4 0  9992
2 25289  86.3999 172.5297 0002038  79.7353 280.4072 14.34218268 22604
IRIDIUM 67 [+]          
1 25290U 98021F   17290.82863638  .00000023  00000-0  12682-5 0  9990
2 25290  86.3999 172.6651 0002060  81.4268 278.7161 14.34218057 22314
IRIDIUM 68 [+]          
1 25291U 98021G   17290.90476769  .00000170  00000-0  53607-4 0  9999
2 25291  86.4002 172.7542 0001994  83.3390 276.8033 14.34217395 22268
IRIDIUM 69 [-]          
1 25319U 98026A   17290.73203817  .00000094  00000-0  24174-4 0  9990
2 25319  86.4050 194.1819 0001100 147.9250 212.2015 14.38697158 20410
IRIDIUM 71 [-]          
1 25320U 98026B   17290.82621471  .00000152  00000-0  42669-4 0  9996
2 25320  86.4031 189.9781 0001331  14.7513 345.3725 14.39110197 20858
IRIDIUM 70 [+]          
1 25342U 98032A   17290.79889385  .00000172  00000-0  54517-4 0  9990
2 25342  86.4008 173.0461 0002061  78.1705 324.8596 14.34217263 16370
IRIDIUM 72 [+]          
1 25343U 98032B   17290.21975620  .00000170  00000-0  53678-4 0  9991
2 25343  86.4002 172.8919 0002019  81.0482 279.0943 14.34218221 16325
IRIDIUM 73 [-]          
1 25344U 98032C   17290.57740140  .00000155  00000-0  35578-4 0  9990
2 25344  86.4435 151.2682 0002394  72.8120 287.3346 14.49067281 24970
IRIDIUM 75 [+]          
1 25346U 98032E   17290.29587030  .00000173  00000-0  54835-4 0  9995
2 25346  86.4005 173.1166 0002037  81.7384 278.4043 14.34217938 17179
IRIDIUM 3 [+]           
1 25431U 98048A   17290.84641394  .00000180  00000-0  57156-4 0  9999
2 25431  86.4017 204.4383 0002041  76.6055 324.8628 14.34222978  2932
IRIDIUM 76 [+]          
1 25432U 98048B   17290.85741843  .00000183  00000-0  58105-4 0  9999
2 25432  86.4014 204.1840 0002331  77.7178 282.4279 14.34221727  3174
IRIDIUM 82 [-]          
1 25467U 98051A   17290.55466567  .00001194  00000-0  89343-4 0  9996
2 25467  86.3994 324.7061 0180775 315.5634  43.1205 14.89517861  5058
IRIDIUM 81 [+]          
1 25468U 98051B   17290.24521447  .00000158  00000-0  45188-4 0  9990
2 25468  86.4230 330.8008 0002528  93.5288 266.6199 14.38609009   384
IRIDIUM 80 [+]          
1 25469U 98051C   17290.57110509  .00000132  00000-0  40233-4 0  9998
2 25469  86.3959 330.9412 0001795 109.2293  44.4857 14.34225431   357
IRIDIUM 2 [-]           
1 25527U 98066A   17290.18161271  .00001598  00000-0  79218-4 0  9990
2 25527  85.5285 320.2321 0009443  17.7222 342.4346 15.16882628 36855
IRIDIUM 86 [+]          
1 25528U 98066B   17290.48709109 -.00000068  00000-0 -31489-4 0  9993
2 25528  86.3908 298.6555 0002059  82.7029 277.4400 14.34217228996891
IRIDIUM 84 [+]          
1 25530U 98066D   17290.51879910 -.00000026  00000-0 -16475-4 0  9990
2 25530  86.3910 298.8092 0002205  86.6261 273.5187 14.34217373994460
IRIDIUM 83 [+]          
1 25531U 98066E   17290.69005151 -.00000018  00000-0 -13463-4 0  9993
2 25531  86.3914 298.8679 0002198  88.2572 271.8876 14.34217512991626
IRIDIUM 20 [+]          
1 25577U 98074A   17290.74960206  .00000182  00000-0  57817-4 0  9990
2 25577  86.4014 204.1489 0002073  80.4830 279.6600 14.34223143171392
IRIDIUM 11 [+]          
1 25578U 98074B   17290.84716951  .00000192  00000-0  61369-4 0  9996
2 25578  86.4012 204.3085 0002013  82.6680 355.5231 14.34221802994977
IRIDIUM 14 [+]          
1 25777U 99032A   17290.66374203  .00000164  00000-0  51606-4 0  9994
2 25777  86.4003 172.7924 0001989  79.0372 281.1048 14.34217711972157
IRIDIUM 21 [+]          
1 25778U 99032B   17290.63202445  .00000177  00000-0  56183-4 0  9999
2 25778  86.4002 172.8229 0002188  82.8243 277.3201 14.34218474965581
IRIDIUM 91 [+]          
1 27372U 02005A   17290.88411829  .00000004  00000-0 -56855-5 0  9997
2 27372  86.3978 235.8555 0002468  73.4688 308.8111 14.34215241829168
IRIDIUM 90 [S]          
1 27373U 02005B   17290.51813716  .00000012  00000-0 -23871-5 0  9990
2 27373  86.4424 298.9292 0002178  83.0753 277.0695 14.42949550828925
IRIDIUM 94 [+]          
1 27374U 02005C   17290.85916272  .00000189  00000-0  60403-4 0  9994
2 27374  86.4014 204.4364 0002540  67.5557 334.2863 14.34223486833502
IRIDIUM 95 [+]          
1 27375U 02005D   17290.91788845  .00000131  00000-0  39785-4 0  9991
2 27375  86.3976 235.8601 0003065  75.8991 284.2546 14.34215763828479
IRIDIUM 96 [+]          
1 27376U 02005E   17290.89590038 -.00000007  00000-0 -97232-5 0  9990
2 27376  86.3955 267.9346 0003290  88.2821 271.8752 14.34216043234361
IRIDIUM 97 [+]          
1 27450U 02031A   17290.93394484 -.00000007  00000-0 -95182-5 0  9996
2 27450  86.3923 267.5508 0002095  88.9416 271.2020 14.34216376807776
IRIDIUM 98 [+]          
1 27451U 02031B   17290.75699656  .00000127  00000-0  38353-4 0  9993
2 27451  86.3953 330.9528 0001773  88.2015 271.9384 14.34224806808854
