MTI                     
1 26102U 00014A   17291.06908023  .00008140  00000-0  15588-3 0  9997
2 26102  97.5813 107.9897 0007520 179.5860 328.9951 15.48300619973527
CFESAT                  
1 30777U 07006F   17290.65402887  .00003389  00000-0  10918-3 0  9991
2 30777  35.4280  33.6363 0006172   7.3257 352.7557 15.31827971586795
SPIRALE A               
1 33751U 09008C   17289.72982251  .00000011  00000-0  10929-3 0  9995
2 33751   2.0859  48.7034 5496741 303.5491  15.5546  4.58668651116522
SPIRALE B               
1 33752U 09008D   17290.81448300  .00001135  00000-0  28672-3 0  9992
2 33752   2.1050 300.5205 6950385 157.2258 260.6808  2.70452154 78163
SAPPHIRE                
1 39088U 13009C   17290.55040729  .00000020  00000-0  22810-4 0  9991
2 39088  98.5466 132.3098 0010411 297.0081  63.0041 14.34153049242880
