CALSPHERE 1             
1 00900U 64063C   17290.95057230  .00000267  00000-0  27854-3 0  9992
2 00900  90.1477  13.3083 0028913 104.2497  15.4739 13.72982048636858
CALSPHERE 2             
1 00902U 64063E   17290.69385988  .00000011  00000-0  23735-5 0  9992
2 00902  90.1555  15.6532 0019813  56.9799 114.6864 13.52653073428444
LCS 1                   
1 01361U 65034C   17290.90221906  .00000024  00000-0  20417-2 0  9999
2 01361  32.1377 130.0673 0011833 213.5666 146.4082  9.89292833896518
TEMPSAT 1               
1 01512U 65065E   17290.85351038  .00000030  00000-0  39283-4 0  9995
2 01512  89.8296 240.1591 0071261 132.4602 255.6880 13.33404832538348
CALSPHERE 4(A)          
1 01520U 65065H   17290.94505052  .00000068  00000-0  11508-3 0  9991
2 01520  90.0727 123.7033 0070504  28.5613  68.8256 13.35745390540234
OPS 5712 (P/L 160)      
1 02826U 67053A   17290.87617398  .00000706  00000-0  20606-3 0  9997
2 02826  69.9283 315.6183 0009268 246.2761 113.7400 14.48065418605948
OPS 5712 (P/L 153)      
1 02874U 67053H   17290.82508355 -.00000034  00000-0  14105-4 0  9990
2 02874  69.9748  53.8096 0008865 324.8876  35.1644 13.96297938565042
SURCAL 150B             
1 02909U 67053J   17290.92217669  .00001057  00000-0  23196-3 0  9999
2 02909  69.9502  22.9106 0007515 294.1798  65.8555 14.60389216614679
RIGIDSPHERE 2 (LCS 4)   
1 05398U 71067E   17290.94045833  .00000198  00000-0  63704-4 0  9993
2 05398  87.6208 132.6662 0061651 240.9311 118.5703 14.33624644420157
