SCD 1                   
1 22490U 93009B   17291.23569851  .00000247  00000-0  17663-4 0  9997
2 22490  24.9699 266.0552 0042950 193.4707 283.5413 14.44501606303413
TECHSAT 1B (GO-32)      
1 25397U 98043D   17290.90896267 -.00000006  00000-0  16342-4 0  9993
2 25397  98.6204 230.7137 0001824  42.0731 318.0587 14.23631186  1033
SCD 2                   
1 25504U 98060A   17290.88898106  .00000241  00000-0  17051-4 0  9991
2 25504  24.9949 112.1033 0017066 222.2270 279.8206 14.44021317  2691
LANDSAT 7               
1 25682U 99020A   17291.18162966  .00000018  00000-0  14012-4 0  9993
2 25682  98.1990   0.5597 0000936  84.9518 275.1791 14.57110547984503
DLR-TUBSAT              
1 25757U 99029B   17291.21555692  .00000069  00000-0  28739-4 0  9998
2 25757  98.4060 203.1578 0013097 285.1329  74.8420 14.51368996974312
QUIKSCAT                
1 25789U 99034A   17291.14435741 -.00000003  00000-0  16612-4 0  9999
2 25789  98.6049 117.8258 0001802  63.2194 296.9171 14.27287176954735
TERRA                   
1 25994U 99068A   17291.19210865  .00000107  00000-0  33801-4 0  9990
2 25994  98.1989   4.4206 0001255  85.6953 274.4385 14.57123890948587
MAROC-TUBSAT            
1 27004U 01056D   17290.84411591 -.00000045  00000-0 -23989-5 0  9994
2 27004  99.3764  67.4000 0020118  20.5364 134.4367 13.70125015792845
AQUA                    
1 27424U 02022A   17290.94969209  .00000162  00000-0  45921-4 0  9996
2 27424  98.2141 230.4586 0002733  86.3788 342.6881 14.57115100822109
IRS-P6 (RESOURCESAT-1)  
1 28051U 03046A   17291.16148053  .00000013  00000-0  20103-4 0  9991
2 28051  98.5799   5.6717 0057054  33.6311 326.8483 14.34133727726889
SHIYAN 1 (SY-1)         
1 28220U 04012A   17290.90878218  .00000564  00000-0  50916-4 0  9993
2 28220  97.7146 245.6151 0012625  87.2605 273.0063 14.99357339734680
FORMOSAT-2 (ROCSAT 2)   
1 28254U 04018A   17291.18196851  .00000190  00000-0  15632-3 0  9993
2 28254  98.8629 347.1280 0002478 136.7233 300.1016 14.00706758685813
AURA                    
1 28376U 04026A   17291.21681753  .00000169  00000-0  47590-4 0  9996
2 28376  98.2141 232.8860 0001947  74.4053 285.7360 14.57112352705235
IRS-P5 (CARTOSAT-1)     
1 28649U 05017A   17291.18723628 -.00000762  00000-0 -86412-4 0  9991
2 28649  97.8506   3.5921 0002733  35.3234 324.8197 14.83449012674211
SINAH 1                 
1 28893U 05043D   17290.91592916  .00000030  00000-0  14986-4 0  9998
2 28893  97.8904  83.2660 0016415 123.6259 236.6511 14.61450625638127
EROS B                  
1 29079U 06014A   17291.20155760  .00003513  00000-0  15731-3 0  9996
2 29079  97.3658  49.5652 0005251 111.0924 289.8870 15.21897887637092
RESURS-DK 1             
1 29228U 06021A   17291.16314553  .00000204  00000-0  22791-4 0  9991
2 29228  69.9342 145.1891 0004273 194.0622 166.0420 15.02225756626566
ARIRANG-2 (KOMPSAT-2)   
1 29268U 06031A   17291.14341054  .00000106  00000-0  30359-4 0  9990
2 29268  98.0853 187.8782 0017826 343.1335  16.9283 14.62296850598968
LAPAN-TUBSAT            
1 29709U 07001A   17291.13770565  .00000102  00000-0  19154-4 0  9996
2 29709  97.7192 261.4778 0014406  53.2201 307.0331 14.82085075582199
CARTOSAT-2 (IRS-P7)     
1 29710U 07001B   17291.14230932  .00000323  00000-0  51078-4 0  9994
2 29710  97.9126 350.2440 0002714 107.1962 252.9553 14.78686447581362
HAIYANG-1B              
1 31113U 07010A   17291.20276981 -.00000018  00000-0  96073-5 0  9992
2 31113  98.5445 344.1560 0013240 198.3239 161.7473 14.30183374549050
COSMO-SKYMED 1          
1 31598U 07023A   17291.11021728 -.00000039  00000-0  16780-5 0  9990
2 31598  97.8882 113.0529 0001363  79.2911 280.8447 14.82155045560653
TERRASAR-X              
1 31698U 07026A   17290.55045105  .00000063  00000-0  62146-5 0  9999
2 31698  97.4469 296.4784 0001684  83.9206 276.2220 15.19146365573451
WORLDVIEW-1 (WV-1)      
1 32060U 07041A   17291.08362885  .00001844  00000-0  78266-4 0  9993
2 32060  97.3720  49.2826 0002074  94.7725   9.2307 15.24344843560975
YAOGAN 3                
1 32289U 07055A   17291.15210833 -.00000172  00000-0 -15439-4 0  9992
2 32289  98.0038 292.8341 0001090  79.2078 280.9253 14.80846387536930
COSMO-SKYMED 2          
1 32376U 07059A   17291.14396150 -.00000810  00000-0 -95276-4 0  9995
2 32376  97.8889 113.0856 0001609  85.3388 274.8020 14.82145622533400
RADARSAT-2              
1 32382U 07061A   17291.18064998  .00000045  00000-0  34307-4 0  9997
2 32382  98.5776 296.9973 0001362  90.8624 337.4289 14.29983295513870
CARTOSAT-2A             
1 32783U 08021A   17291.11999923 -.00000122  00000-0 -95920-5 0  9994
2 32783  97.9140 350.3209 0011660 282.3051  77.6846 14.78695404511308
JASON-2 (OSTM)          
1 33105U 08032A   17290.88974265 -.00000072  00000-0 -39614-4 0  9991
2 33105  66.0414 224.1207 0008005 266.8615 200.9437 12.87624723436325
RAPIDEYE 2              
1 33312U 08040A   17291.19821755  .00000110  00000-0  21364-4 0  9994
2 33312  97.8110   8.8505 0011531 317.2774  42.7547 14.79868870493562
RAPIDEYE 5              
1 33313U 08040B   17291.15398594  .00000077  00000-0  16959-4 0  9997
2 33313  97.8219   6.9550 0016367 181.5176 178.5996 14.79865784493503
RAPIDEYE 1              
1 33314U 08040C   17291.20999253  .00000094  00000-0  19343-4 0  9992
2 33314  97.8125   8.5154 0023269 328.2378  31.7430 14.79865203493555
RAPIDEYE 3              
1 33315U 08040D   17291.17842349  .00000080  00000-0  17374-4 0  9999
2 33315  97.8248   6.6954 0010429 262.8627  97.1406 14.79866523493514
RAPIDEYE 4              
1 33316U 08040E   17291.16554996  .00000072  00000-0  16393-4 0  9998
2 33316  97.8285   6.3068 0010617 199.0921 160.9909 14.79834208493507
HUANJING 1A (HJ-1A)     
1 33320U 08041A   17291.08597846  .00000207  00000-0  36641-4 0  9994
2 33320  97.9233 353.6995 0026156 352.5492   7.5331 14.76841965490920
HUANJING 1B (HJ-1B)     
1 33321U 08041B   17291.15338337  .00000228  00000-0  39465-4 0  9991
2 33321  97.9284 355.0672 0035068   7.4857 352.6875 14.76922610490922
GEOEYE 1                
1 33331U 08042A   17291.20233910  .00000116  00000-0  30930-4 0  9994
2 33331  98.1010   4.4864 0008716 234.5320 125.5058 14.64227996487107
THEOS                   
1 33396U 08049A   17291.18569194 -.00000026  00000-0  84494-5 0  9991
2 33396  98.7653 356.7491 0001229  97.6036 340.8308 14.20006083468934
COSMO-SKYMED 3          
1 33412U 08054A   17291.19883221 -.00000037  00000-0  19289-5 0  9999
2 33412  97.8890 113.1403 0001549  72.3277 287.8105 14.82150285485875
YAOGAN 4                
1 33446U 08061A   17291.16551357  .00000145  00000-0  27454-4 0  9994
2 33446  97.6028 280.9955 0014393 260.7374  99.2210 14.76705326478172
GOSAT (IBUKI)           
1 33492U 09002A   17291.16437691  .00000018  00000-0  11703-4 0  9994
2 33492  98.1335  41.8448 0001211  85.8014 274.3311 14.67516711467863
YAOGAN 6                
1 34839U 09021A   17291.17249981  .00000852  00000-0  35643-4 0  9990
2 34839  97.1296 336.1784 0027081 242.9133 116.9342 15.25867997471330
DEIMOS-1                
1 35681U 09041A   17291.12920063 -.00000061  00000-0 -20231-5 0  9992
2 35681  97.9354 180.5094 0000780  13.5130 346.6106 14.71690871441220
DUBAISAT-1              
1 35682U 09041B   17291.13444134  .00000231  00000-0  47519-4 0  9998
2 35682  97.7814 145.8728 0012753 116.2719 243.9795 14.68617657440257
OCEANSAT-2              
1 35931U 09051A   17290.85707645  .00000110  00000-0  39174-4 0  9997
2 35931  98.3101  23.9206 0002912 146.4176 213.7203 14.50839348427242
WORLDVIEW-2 (WV-2)      
1 35946U 09055A   17291.20097877  .00000057  00000-0  33523-4 0  9998
2 35946  98.4965   6.1505 0002000  34.0045 326.1266 14.37650651421185
SMOS                    
1 36036U 09059A   17290.53827648  .00000064  00000-0  34219-4 0  9996
2 36036  98.4444 116.4939 0001129  84.2629 275.8688 14.39772070418085
YAOGAN 7                
1 36110U 09069A   17291.17490044  .00000180  00000-0  34577-4 0  9993
2 36110  98.2286  91.9481 0025745  81.4471 278.9652 14.75072185423017
TANDEM-X                
1 36605U 10030A   17290.55045184  .00000188  00000-0  12143-4 0  9997
2 36605  97.4468 296.4820 0002062  84.3194 275.8276 15.19146258406199
CARTOSAT-2B             
1 36795U 10035A   17291.15680114  .00000116  00000-0  22910-4 0  9991
2 36795  97.9112 350.1575 0014694 358.8293   1.2883 14.78703227392354
YAOGAN 10               
1 36834U 10038A   17291.17432079  .00000121  00000-0  22457-4 0  9997
2 36834  97.9405 286.3454 0001075  72.1345 287.9989 14.80857657388683
COSMO-SKYMED 4          
1 37216U 10060A   17291.16085560  .00000085  00000-0  17237-4 0  9994
2 37216  97.8889 113.1012 0001388  78.7232 281.4140 14.82154211375956
HAIYANG 2A              
1 37781U 11043A   17291.15913900  .00000521  00000-0  55592-3 0  9990
2 37781  99.3304 300.3156 0001659  66.6940 293.4417 13.78717967310927
RASAT                   
1 37791U 11044D   17291.17115712  .00000069  00000-0  22100-4 0  9996
2 37791  98.1347  21.6813 0023371  93.9443 266.4436 14.64627139329772
MEGHA-TROPIQUES         
1 37838U 11058A   17290.92861647  .00000341  00000-0  43787-4 0  9997
2 37838  19.9768 125.8921 0009600 327.9349  32.0471 14.09689611243204
SRMSAT                  
1 37841U 11058D   17290.80968965  .00000349  00000-0  46843-4 0  9993
2 37841  19.9712 111.1607 0011878 348.5055 129.4829 14.10587982310527
YAOGAN 13               
1 37941U 11072A   17291.20048010  .00001800  00000-0  91756-4 0  9991
2 37941  97.4875 217.8412 0000570  55.0003  72.2561 15.18035991326327
PLEIADES 1A             
1 38012U 11076F   17291.20888285  .00000009  00000-0  11644-4 0  9999
2 38012  98.1893   4.6801 0001267  80.8328 279.3022 14.58558463310792
ZIYUAN 1-02C (ZY 1-02C) 
1 38038U 11079A   17291.23260433  .00000047  00000-0  30912-4 0  9993
2 38038  98.3300 351.0530 0001819  89.4674 270.6725 14.35458806305158
ZIYUAN 3 (ZY 3)         
1 38046U 12001A   17291.18547821  .00001595  00000-0  74759-4 0  9997
2 38046  97.5243 358.2561 0002259  47.1421  31.8109 15.21160536320658
RISAT-1                 
1 38248U 12017A   17291.14716332  .00001096  00000-0  72797-4 0  9995
2 38248  97.5756 297.2669 0004235   8.8942  57.8935 15.09271735301788
ARIRANG-3 (KOMPSAT-3)   
1 38338U 12025B   17291.08915971  .00000111  00000-0  31664-4 0  9992
2 38338  98.1465 227.3701 0009400 313.4935  46.5487 14.61599917289132
KANOPUS-V 1             
1 38707U 12039A   17291.18339321  .00000711  00000-0  35854-4 0  9998
2 38707  97.4483 207.7377 0002048  71.9655  63.8544 15.20307136290742
EXACTVIEW-1 (ADS-1B)    
1 38709U 12039C   17291.16451339  .00000012  00000-0  25898-4 0  9993
2 38709  99.1122 272.0191 0009830 261.2125  98.7941 14.23955098272335
SPOT 6                  
1 38755U 12047A   17291.15634331 -.00000773  00000-0 -15644-3 0  9990
2 38755  98.2074 357.1005 0001751  92.8007 267.3394 14.58539625271867
PLEIADES 1B             
1 39019U 12068A   17291.17469575  .00000000  00000-0  98389-5 0  9995
2 39019  98.1921   4.7156 0001388  85.5630 274.5740 14.58556159259648
GOKTURK 2               
1 39030U 12073A   17291.16969456  .00000071  00000-0  18911-4 0  9996
2 39030  97.9774 181.9160 0002707  53.0177 307.1280 14.72672323258659
LANDSAT 8               
1 39084U 13008A   17290.66498231  .00000069  00000-0  25392-4 0  9994
2 39084  98.2121 359.4874 0001288  99.2351 260.8993 14.57109982248891
SARAL                   
1 39086U 13009A   17291.14694103 -.00000008  00000-0  13262-4 0  9994
2 39086  98.5399 116.8257 0000445 157.5631 202.5572 14.32013374242708
GAOFEN 1                
1 39150U 13018A   17291.18221035  .00000091  00000-0  20378-4 0  9997
2 39150  97.9458  12.9927 0019703  23.7774 336.4347 14.76510302241390
VNREDSAT 1              
1 39160U 13021B   17291.16526621  .00000105  00000-0  29577-4 0  9995
2 39160  98.0723   4.3724 0001260  80.4521 279.6836 14.62984421237586
ARIRANG-5 (KOMPSAT-5)   
1 39227U 13042A   17291.18134442  .00000234  00000-0  21025-4 0  9993
2 39227  97.6101 114.2924 0002509  77.6168  34.9518 15.04512720228181
YAOGAN 18               
1 39363U 13059A   17291.12026574  .00001356  00000-0  69844-4 0  9999
2 39363  97.3796 356.6934 0003445  87.8791 299.1869 15.18053248219978
SKYSAT-1                
1 39418U 13066C   17291.07799730 -.00000416  00000-0 -29656-4 0  9998
2 39418  97.6921  12.6388 0020199 233.9666 125.9506 14.98548220213484
DUBAISAT-2              
1 39419U 13066D   17291.18742836  .00000151  00000-0  19516-4 0  9994
2 39419  97.6681   1.0176 0012660 213.0302 147.0097 14.93718657212864
GPM-CORE                
1 39574U 14009C   17291.04429545  .00005172  00000-0  79044-4 0  9998
2 39574  65.0092 222.0689 0010857 284.4968  75.4973 15.55610366206633
SENTINEL-1A             
1 39634U 14016A   17291.13878643 -.00000020  00000-0  54405-5 0  9993
2 39634  98.1822 297.0347 0001405  75.7639 284.3731 14.59198585188624
KAZEOSAT 1              
1 39731U 14024A   17291.16620563  .00000013  00000-0  17098-4 0  9996
2 39731  98.4114   8.5501 0001327  78.9308 281.2035 14.42022727182619
ALOS-2                  
1 39766U 14029A   17291.20675282  .00000252  00000-0  40600-4 0  9992
2 39766  97.9223  26.7688 0001440  78.0219 282.1118 14.79475499183798
KAZEOSAT 2              
1 40010U 14033A   17291.13706753  .00000118  00000-0  21486-4 0  9993
2 40010  97.8816 191.0645 0015207 234.6947 125.2854 14.82070965180156
HODOYOSHI-4             
1 40011U 14033B   17291.12880885  .00000215  00000-0  34479-4 0  9996
2 40011  97.8714 187.2266 0025377 230.1110 129.7884 14.80925071179955
DEIMOS-2                
1 40013U 14033D   17291.02554850  .00000273  00000-0  38458-4 0  9992
2 40013  97.8730 193.6808 0000896  36.0351 324.0929 14.84859315180433
HODOYOSHI-3             
1 40015U 14033F   17290.69349950  .00000232  00000-0  38773-4 0  9994
2 40015  97.8582 181.0586 0035752 239.0609 120.7087 14.78294430179577
SPOT 7                  
1 40053U 14034A   17291.12142610 -.00000046  00000-0  00000+0 0  9991
2 40053  98.2206 356.8220 0001488  93.4489 266.6884 14.58542259175799
SKYSAT-2                
1 40072U 14037D   17291.16278320  .00000194  00000-0  32469-4 0  9999
2 40072  98.3475  47.2322 0007169  22.0237 338.1268 14.81027369177186
WORLDVIEW-3 (WV-3)      
1 40115U 14048A   17291.17255988  .00000201  00000-0  29834-4 0  9996
2 40115  97.8619   9.8285 0000769  66.2184 293.9095 14.84884847172355
YAOGAN 21               
1 40143U 14053A   17291.16860575  .00002126  00000-0  87802-4 0  9993
2 40143  97.3015   1.2653 0011575 115.1261 325.5397 15.25042082173141
YAOGAN 22               
1 40275U 14063A   17291.05506120 -.00000044  00000-0  00000+0 0  9999
2 40275 100.4232  42.3200 0006694 148.3883 211.7639 13.15323087143799
ASNARO                  
1 40298U 14070A   17291.20977889  .00002392  00000-0  11552-3 0  9998
2 40298  97.4863  11.0342 0002164  84.9033 301.3594 15.19616776163546
HODOYOSHI-1             
1 40299U 14070B   17291.04443552  .00001374  00000-0  62173-4 0  9991
2 40299  97.3975  11.8931 0014174  27.8370  91.0371 15.22517420163632
CHUBUSAT-1              
1 40300U 14070C   17291.17108942  .00001568  00000-0  73138-4 0  9997
2 40300  97.3880   8.7792 0021564  34.9735 355.5943 15.21144800163488
QSAT-EOS                
1 40301U 14070D   17291.15580575  .00003428  00000-0  14380-3 0  9992
2 40301  97.3814   9.1723 0027998  28.3396  56.3180 15.23809965163551
TSUBAME                 
1 40302U 14070E   17291.14039328  .00001671  00000-0  86984-4 0  9995
2 40302  97.3659 359.7738 0041192  55.7590  30.5869 15.16665275162981
YAOGAN 23               
1 40305U 14071A   17291.16702042  .00001605  00000-0  82387-4 0  9991
2 40305  97.4344 226.9258 0001485 133.5986 338.5243 15.17944300162081
YAOGAN 24               
1 40310U 14072A   17291.16230493  .00000135  00000-0  26473-4 0  9995
2 40310  98.0165  50.5369 0018119  37.9769 322.2721 14.77153503156870
CBERS 4                 
1 40336U 14079A   17291.16721793  .00000007  00000-0  17409-4 0  9995
2 40336  98.4435   3.3294 0001728  80.4235 279.7153 14.35466046150056
RESURS P2               
1 40360U 14087A   17291.16708201  .00001651  00000-0  55639-4 0  9993
2 40360  97.2758  22.6969 0012134  72.9235  14.6088 15.32095589157216
YAOGAN 26               
1 40362U 14088A   17291.20072197  .00002521  00000-0  99515-4 0  9997
2 40362  97.3473   8.1701 0005610 191.7626 247.4197 15.26440583156522
SMAP                    
1 40376U 15003A   17291.12390484  .00000087  00000-0  25817-4 0  9992
2 40376  98.1258 297.0297 0001671  97.4821 262.6577 14.63378107144876
KOMPSAT-3A              
1 40536U 15014A   17291.16708625  .00001381  00000-0  83259-4 0  9998
2 40536  97.4893 228.5216 0008786 279.3558 193.3360 15.12386825141635
SENTINEL-2A             
1 40697U 15028A   17291.18652405  .00000008  00000-0  19886-4 0  9997
2 40697  98.5715   4.3684 0001335  75.7804 284.3526 14.30816486121286
CARBONITE 1 (CBNT-1)    
1 40718U 15032D   17291.17804187  .00000090  00000-0  21053-4 0  9991
2 40718  97.9523 181.1182 0018187 101.3793 258.9456 14.74554661122375
YAOGAN 27               
1 40878U 15040A   17291.00972653 -.00000044  00000-0  00000+0 0  9997
2 40878 100.3819 349.5318 0007699 291.7176  68.3109 13.15956467102971
LAPAN-A2                
1 40931U 15052B   17290.97638745  .00000778  00000-0  19492-4 0  9999
2 40931   5.9976  77.1881 0012458 182.8643 177.1461 14.76549706111143
YAOGAN 28               
1 41026U 15064A   17291.20015112  .00002603  00000-0  91562-4 0  9999
2 41026  97.3312  57.3269 0008317 251.8080 223.8527 15.30225520108569
YAOGAN 29               
1 41038U 15069A   17291.14149017  .00000089  00000-0  18469-4 0  9993
2 41038  97.9117 271.5581 0001398  97.1773 262.9598 14.80414533102272
KENT RIDGE 1            
1 41167U 15077B   17290.82870370  .00001166  00000-0  31507-4 0  9997
2 41167  14.9835   8.7267 0011427 246.6990  46.7441 15.08781803101483
TELEOS 1                
1 41169U 15077D   17291.06096065  .00001921  00000-0  76207-4 0  9992
2 41169  14.9817   3.9826 0010420 251.5853 128.2046 15.09581417101553
JASON-3                 
1 41240U 16002A   17290.90194896 -.00000086  00000-0 -10994-3 0  9997
2 41240  66.0413 227.2630 0008100 267.9380  92.0708 12.80929436 81862
SENTINEL-3A             
1 41335U 16011A   17291.16688992  .00000012  00000-0  23045-4 0  9995
2 41335  98.6278 356.8442 0001275 100.0628 260.0696 14.26735490 86893
SENTINEL-1B             
1 41456U 16025A   17291.17258649 -.00000051  00000-0 -11524-5 0  9992
2 41456  98.1823 296.8922 0001349  76.6500 283.4855 14.59198192 78797
ZIYUAN 3-2 (ZY 3-2)     
1 41556U 16033A   17290.72054157  .00002071  00000-0  95973-4 0  9991
2 41556  97.4550   6.3683 0002469 111.1218 348.0283 15.21201587 76873
NUSAT-1 (FRESCO)        
1 41557U 16033B   17291.18990449  .00002097  00000-0  80507-4 0  9991
2 41557  97.4563  10.6878 0012551 295.8061  64.1883 15.27549845 77209
NUSAT-2 (BATATA)        
1 41558U 16033C   17291.17083607  .00002138  00000-0  82450-4 0  9995
2 41558  97.4591  10.7362 0011987 294.5900  65.4089 15.27372442 77197
CARTOSAT-2C             
1 41599U 16040A   17291.16051369  .00001106  00000-0  55545-4 0  9996
2 41599  97.4459 351.2999 0014382  13.5541  11.2134 15.19286532 73322
SKYSAT-C1               
1 41601U 16040C   17290.92128863  .00001220  00000-0  55945-4 0  9998
2 41601  97.6010 357.6959 0001969  71.7933 288.3517 15.22418252 73417
LAPAN-A3                
1 41603U 16040E   17291.12147631  .00000350  00000-0  19721-4 0  9992
2 41603  97.4475 351.5454 0014001  12.9904  17.4360 15.19438476 73324
BIROS                   
1 41604U 16040F   17290.89422705  .00000890  00000-0  43167-4 0  9994
2 41604  97.4486 352.0103 0012667   6.6789 353.4613 15.21047924 73333
3CAT-2                  
1 41732U 16051B   17291.08563164  .00002620  00000-0  10661-3 0  9990
2 41732  97.3718 206.2447 0012924 192.8013 295.3451 15.25335415 65263
SKYSAT-C4               
1 41771U 16058B   17290.90508548  .00001339  00000-0  60860-4 0  9998
2 41771  97.3846   1.7744 0002146  58.5320 301.6122 15.22462937 60358
SKYSAT-C5               
1 41772U 16058C   17291.24678952  .00001239  00000-0  56428-4 0  9998
2 41772  97.3837   1.8872 0002931  50.0166 310.1325 15.22530559 60399
SKYSAT-C2               
1 41773U 16058D   17290.94442522  .00001088  00000-0  49989-4 0  9993
2 41773  97.3847   1.8775 0001225  71.9021 288.2348 15.22470525 60352
SKYSAT-C3               
1 41774U 16058E   17290.82656643  .00001132  00000-0  51861-4 0  9994
2 41774  97.3838   1.7312 0001465  40.1601 319.9735 15.22493521 60338
ALSAT 1B                
1 41785U 16059C   17291.17349128  .00000022  00000-0  13610-4 0  9990
2 41785  98.1522 351.3997 0032283 131.9095 228.4874 14.63247553 56564
PATHFINDER 1            
1 41787U 16059E   17291.17010272  .00000144  00000-0  36925-4 0  9996
2 41787  98.1516 351.5930 0031040 131.8098 228.5771 14.63549347 56574
WORLDVIEW-4 (WV-4)      
1 41848U 16067A   17291.12745024  .00000142  00000-0  23265-4 0  9999
2 41848  97.9368   4.7011 0000804 328.3167  31.7998 14.84562559 50500
GOKTURK 1A              
1 41875U 16073A   17291.15552353 -.00001120  00000-0 -21055-3 0  9993
2 41875  98.1391 184.4444 0001652  83.9331 276.2075 14.62771373 46277
RESOURCESAT-2A          
1 41877U 16074A   17291.15542520  .00000025  00000-0  31114-4 0  9990
2 41877  98.6984   5.0119 0001039  69.5543 290.5753 14.21632159 44759
CARTOSAT-2D             
1 41948U 17008A   17290.92376017  .00000944  00000-0  48110-4 0  9991
2 41948  97.4802 350.5779 0007563 140.6944 219.4840 15.19192536 37159
SENTINEL-2B             
1 42063U 17013A   17291.15140865  .00000018  00000-0  23498-4 0  9996
2 42063  98.5711   4.3034 0001345  83.6539 276.4799 14.30816301 32195
ZHUHAI-1 02 (CAS 4B)    
1 42759U 17034B   17291.22331575  .00000731  00000-0  58976-4 0  9990
2 42759  43.0201 331.3806 0007811  25.9171   9.8835 15.09055324 18898
NUSAT-3 (MILANESAT)     
1 42760U 17034C   17291.18868435  .00000841  00000-0  66132-4 0  9992
2 42760  43.0184 331.7992 0006666  32.6364  72.7682 15.08850668 18898
ZHUHAI-1 01 (CAS 4A)    
1 42761U 17034D   17291.22488692  .00000721  00000-0  58242-4 0  9991
2 42761  43.0204 331.2958 0008218  27.7948  49.9310 15.09130013 18886
CARTOSAT-2E             
1 42767U 17036C   17291.13405314  .00000853  00000-0  43644-4 0  9995
2 42767  97.4358 349.1571 0009136 184.7007 175.4144 15.19270801 17750
