SARSAT 7 (NOAA 15)      
1 25338U 98030A   17290.95139635  .00000034  00000-0  33298-4 0  9997
2 25338  98.7808 302.1004 0010076 205.3426 154.7261 14.25821139 10248
GPS BIIR-07             
1 26690U 01004A   17290.48627252  .00000037  00000-0  00000-0 0  9993
2 26690  53.0577 152.7188 0183433 258.3224 268.6261  2.00567577122478
METEOSAT-8 (MSG-1)      
1 27509U 02040B   17290.65804653  .00000122  00000-0  00000-0 0  9990
2 27509   5.0515  57.8375 0000716 301.5235 305.3515  1.00265067 55525
GPS BIIR-08             
1 27663U 03005A   17290.23105757 -.00000065  00000-0  00000-0 0  9993
2 27663  56.6573 340.1354 0092100  24.8941  50.3320  2.00551837107831
GPS BIIR-11             
1 28190U 04009A   17290.91246948 -.00000091  00000-0  00000-0 0  9996
2 28190  56.0680  41.0662 0097299  61.4509 302.3965  2.00562881 99522
GPS BIIR-12             
1 28361U 04023A   17290.87720441 -.00000043  00000-0  00000-0 0  9999
2 28361  54.0885 214.9579 0120158 222.3105  26.0351  2.00564194 97577
GPS BIIR-13             
1 28474U 04045A   17290.62696396  .00000007  00000-0  00000-0 0  9991
2 28474  54.3108  92.6592 0173735 248.6055 182.6528  2.00571626 94966
SARSAT 10 (NOAA 18)     
1 28654U 05018A   17290.89673189  .00000001  00000-0  25989-4 0  9997
2 28654  99.1748 316.0650 0015300  88.2791 272.0132 14.12353109639486
GPS BIIR-14M            
1 28874U 05038A   17290.43024175 -.00000093  00000-0  00000-0 0  9993
2 28874  56.2192  38.3643 0122352 254.8951 142.5573  2.00560859 88369
MSG-2                   
1 28912U 05049B   17290.79004442  .00000041  00000-0  00000-0 0  9994
2 28912   2.4386  71.3737 0001428 239.5897   9.1826  1.00272010 43302
GOES 13                 
1 29155U 06018A   17290.13525206 -.00000275  00000-0  00000-0 0  9995
2 29155   0.1068 106.3802 0001914 359.8586 253.8012  1.00273552 11657
SARSAT 11 (METOP-A)     
1 29499U 06044A   17290.91827699  .00000012  00000-0  25227-4 0  9992
2 29499  98.6643 348.3948 0001503 139.1195 332.1835 14.21511466570398
GPS BIIR-16M            
1 29601U 06052A   17289.93509308 -.00000063  00000-0  00000-0 0  9995
2 29601  56.6312 339.0650 0063476  50.9842 309.6420  2.00560576 79925
GPS BIIR-17M            
1 32260U 07047A   17290.25051903 -.00000046  00000-0  00000-0 0  9996
2 32260  53.2140 211.2234 0096359  34.2990 326.3270  2.00567977 73370
GPS BIIR-18M            
1 32384U 07062A   17290.93124086 -.00000092  00000-0  00000-0 0  9999
2 32384  56.2869  38.9345 0002862  22.0777 249.0584  2.00578174 72086
SARSAT 12 (NOAA 19)     
1 33591U 09005A   17290.91113331  .00000105  00000-0  82177-4 0  9991
2 33591  99.1087 259.5712 0013065 289.3299  70.6459 14.12220617447715
GOES 14                 
1 35491U 09033A   17290.21765494 -.00000118  00000-0  00000-0 0  9995
2 35491   0.2918 274.6773 0010535 309.1348 136.1232  1.00272647 30428
GOES 15                 
1 36411U 10008A   17290.30348440  .00000064  00000-0  00000-0 0  9999
2 36411   0.2655 274.7902 0004577 278.6008 166.6158  1.00277990 27951
ELEKTRO-L 1             
1 37344U 11001A   17290.38959719 -.00000195  00000-0  00000-0 0  9990
2 37344   2.6838  77.4330 0003646 265.7663  94.4989  1.00159626 24759
GLONASS-K 1             
1 37372U 11009A   17290.66117733 -.00000044  00000-0  00000+0 0  9994
2 37372  65.4627  60.4951 0007770 222.0141  53.7822  2.13107722 51651
GPS BIIF-2              
1 37753U 11036A   17290.89539843  .00000014  00000-0  00000-0 0  9999
2 37753  55.5147  95.8811 0069569  34.6215 354.2394  2.00563018 45815
GSAT0101 (GALILEO-PFM)  
1 37846U 11060A   17289.63627269 -.00000036  00000-0  00000+0 0  9993
2 37846  55.9216  68.3149 0001590 359.6357   0.3475  1.70473480 37274
GSAT0102 (GALILEO-FM2)  
1 37847U 11060B   17289.71519448 -.00000036  00000-0  00000+0 0  9992
2 37847  55.9224  68.3119 0002398 307.2167 145.6154  1.70475794 37284
LUCH 5A                 
1 37951U 11074B   17291.20973068 -.00000065  00000-0  00000+0 0  9994
2 37951   1.6113 169.0918 0002903  69.9147  30.4470  1.00268756 21469
MSG-3                   
1 38552U 12035B   17289.92912361 -.00000031  00000-0  00000-0 0  9999
2 38552   0.8381   7.5659 0001263 233.4079 119.0320  1.00266619 19150
SARSAT 13 (METOP-B)     
1 38771U 12049A   17291.15126985  .00000018  00000-0  28196-4 0  9998
2 38771  98.7093 349.3489 0000315 189.8572 196.6306 14.21490182263748
GPS BIIF-3              
1 38833U 12053A   17290.34608091 -.00000039  00000-0  00000-0 0  9999
2 38833  54.0837 273.5322 0059913  24.8750 335.3981  2.00563432 36074
GSAT0103 (GALILEO-FM3)  
1 38857U 12055A   17289.67899723 -.00000017  00000-0  00000-0 0  9991
2 38857  54.9037 188.6712 0002660 246.5737 113.4514  1.70473797 31190
GSAT0104 (GALILEO-FM4)  
1 38858U 12055B   17289.61326296 -.00000018  00000-0  00000-0 0  9997
2 38858  54.9043 188.6722 0001575 251.0648 108.9707  1.70473853 31191
GPS BIIF-4              
1 39166U 13023A   17290.69771216 -.00000096  00000-0  00000-0 0  9998
2 39166  55.9235  35.3289 0048843  19.5556 340.6315  2.00563971 32419
INSAT-3D                
1 39216U 13038B   17290.69850008 -.00000180  00000-0  00000-0 0  9991
2 39216   0.0834  91.1528 0001127 167.1722 101.6821  1.00270845 15384
GPS BIIF-5              
1 39533U 14008A   17290.20122840 -.00000035  00000-0  00000-0 0  9993
2 39533  54.2350 278.8525 0030721 189.4486 170.4875  2.00569942 26225
LUCH 5V                 
1 39727U 14023A   17290.68009164 -.00000296  00000-0  00000+0 0  9998
2 39727   2.4721 299.0080 0002311 315.4486 111.5009  1.00272502530792
GPS BIIF-6              
1 39741U 14026A   17290.48364461  .00000017  00000-0  00000-0 0  9990
2 39741  55.5002  95.4189 0007879 285.1709  74.7640  2.00552777 25068
GPS BIIF-7              
1 40105U 14045A   17290.57096182 -.00000045  00000-0  00000-0 0  9991
2 40105  54.6130 214.9431 0006795 107.3164 252.7609  2.00553759 22634
GSAT0201 (GALILEO 5)    
1 40128U 14050A   17290.41548887 -.00000103  00000-0  00000+0 0  9993
2 40128  50.3713  40.3151 1633054  67.7418 308.6876  1.85519864 21542
GSAT0202 (GALILEO 6)    
1 40129U 14050B   17291.22171190 -.00000107  00000-0  00000+0 0  9997
2 40129  50.4236  39.2841 1633717  68.7457 307.8358  1.85520483 21755
GPS BIIF-8              
1 40294U 14068A   17290.44579874  .00000039  00000-0  00000-0 0  9997
2 40294  55.0174 155.6362 0009663  18.3162 341.8148  2.00567672 21733
GLONASS-K 2             
1 40315U 14075A   17290.74609677 -.00000005  00000-0  00000-0 0  9991
2 40315  64.3477 301.0448 0017011 212.0933 249.8153  2.13098659 22421
GPS BIIF-9              
1 40534U 15013A   17290.58687661 -.00000064  00000-0  00000-0 0  9993
2 40534  54.8827 334.7432 0020354 350.8487   9.1759  2.00550823 18350
GSAT0203 (GALILEO 7)    
1 40544U 15017A   17291.17651690 -.00000042  00000-0  00000+0 0  9992
2 40544  55.7122  68.5442 0002924 206.4647 153.4974  1.70475387 15917
GSAT0204 (GALILEO 8)    
1 40545U 15017B   17290.95945235 -.00000042  00000-0  00000+0 0  9999
2 40545  55.7185  68.5620 0002985 157.4018 202.5892  1.70475548 15924
GPS BIIF-10             
1 40730U 15033A   17290.24072656 -.00000096  00000-0  00000-0 0  9993
2 40730  55.4565  34.9630 0028633 319.7921  39.9982  2.00560237 16535
GSAT0205 (GALILEO 9)    
1 40889U 15045A   17288.85377228 -.00000027  00000-0  00000+0 0  9991
2 40889  56.9273 308.8416 0002468 306.2160  53.8071  1.70474753 13030
GSAT0206 (GALILEO 10)   
1 40890U 15045B   17290.24682479 -.00000033  00000-0  00000+0 0  9993
2 40890  56.9251 308.8009 0002394 268.4034  91.6120  1.70474767 13088
GPS BIIF-11             
1 41019U 15062A   17290.29460469  .00000038  00000-0  00000-0 0  9999
2 41019  55.0251 155.4355 0029123 199.4918 160.4916  2.00563843 14352
GSAT0209 (GALILEO 12)   
1 41174U 15079A   17289.83233038 -.00000016  00000-0  00000+0 0  9993
2 41174  54.9167 188.3559 0004363 301.4387  58.5734  1.70473116 11398
GSAT0208 (GALILEO 11)   
1 41175U 15079B   17290.05225391 -.00000015  00000-0  00000+0 0  9992
2 41175  54.9152 188.3505 0003495 301.4757  58.5463  1.70473070 11400
GPS BIIF-12             
1 41328U 16007A   17290.38662303 -.00000046  00000-0  00000-0 0  9993
2 41328  54.8680 215.1740 0016062 219.4045 140.4807  2.00572321 12415
GSAT0211 (GALILEO 14)   
1 41549U 16030A   17290.17255039 -.00000032  00000-0  00000-0 0  9990
2 41549  57.0653 308.5605 0004614 266.7622  93.2278  1.70474569  8714
GSAT0210 (GALILEO 13)   
1 41550U 16030B   17288.70601961 -.00000025  00000-0  00000+0 0  9998
2 41550  57.0655 308.6021 0004950 245.6103 114.3837  1.70474542  8676
GSAT0207 (GALILEO 15)   
1 41859U 16069A   17290.12594272 -.00000015  00000-0  00000-0 0  9997
2 41859  54.5759 188.9561 0003972 287.6158  72.3960  1.70473030  5603
GSAT0212 (GALILEO 16)   
1 41860U 16069B   17289.97931583 -.00000016  00000-0  00000+0 0  9990
2 41860  54.5741 188.9603 0003172 310.3258  49.7007  1.70472961  5691
GSAT0213 (GALILEO 17)   
1 41861U 16069C   17290.93240831 -.00000010  00000-0  00000+0 0  9992
2 41861  54.5758 188.9364 0002841 259.9438 100.0850  1.70473228  5700
GSAT0214 (GALILEO 18)   
1 41862U 16069D   17289.31932525 -.00000020  00000-0  00000+0 0  9992
2 41862  54.5742 188.9782 0002178 265.7786  94.2468  1.70473014  5670
