AOR-E (EGNOS/PRN 120)   
1 24307U 96053A   17290.68865338 -.00000144  00000-0  00000-0 0  9995
2 24307   2.8718  77.0662 0005346 146.2760  35.4641  1.00271677 77262
ARTEMIS (EGNOS/PRN 124) 
1 26863U 01029A   17290.73390226 -.00000382  00000-0  00000+0 0  9991
2 26863  12.8542  31.8078 0002353 233.2388 148.6519  1.00272420 60679
CRE (WAAS/PRN 138)      
1 28868U 05036A   17290.85604885 -.00000096  00000-0  00000+0 0  9994
2 28868   0.0114 247.7094 0000467 149.9761 189.7156  1.00269728 44423
CRW (WAAS/PRN 135)      
1 28884U 05041A   17290.56045132  .00000055  00000-0  00000+0 0  9994
2 28884   0.0248 106.3807 0001630 121.9179 226.7448  1.00274370 43892
IOR-W (EGNOS/PRN 126)   
1 28899U 05044A   17290.78582858 -.00000011  00000-0  00000-0 0  9992
2 28899   2.5966  13.4960 0002599 204.8931 154.8944  1.00272349 43797
MTSAT-2 (MSAS/PRN 137)  
1 28937U 06004A   17290.88763663 -.00000264  00000-0  00000-0 0  9998
2 28937   0.0806  82.8038 0003772 129.7117 278.6747  1.00274003 42757
AMR (WAAS/PRN 133)      
1 33278U 08039A   17291.15629800 -.00000160  00000-0  00000+0 0  9991
2 33278   3.0266   2.6228 0002895 207.5679 134.9621  1.00272259 33530
QZS-1 (QZSS/PRN 183)    
1 37158U 10045A   17290.96368823 -.00000162  00000-0  00000+0 0  9997
2 37158  40.9322 157.5466 0748153 270.0411  82.6670  1.00293640 25981
GSAT-8 (GAGAN/PRN 127)  
1 37605U 11022A   17291.15355439  .00000063  00000-0  00000+0 0  9990
2 37605   0.1090  94.5831 0006688 161.3719 241.2373  1.00273125 23513
LUCH 5A (SDCM/PRN 140)  
1 37951U 11074B   17291.20973068 -.00000065  00000-0  00000+0 0  9994
2 37951   1.6113 169.0918 0002903  69.9147  30.4470  1.00268756 21469
SES-5 (EGNOS/PRN 136)   
1 38652U 12036A   17290.83938240  .00000011  00000-0  00000+0 0  9993
2 38652   0.0459 264.5448 0001540 312.5262 116.6306  1.00272722 19330
GSAT-10 (GAGAN/PRN 128) 
1 38779U 12051B   17290.69622561 -.00000187  00000-0  00000+0 0  9995
2 38779   0.0646  93.8588 0000587 137.3967 128.7590  1.00270100 18562
LUCH 5B (SDCM/PRN 125)  
1 38977U 12061A   17291.18660359 -.00000149  00000-0  00000+0 0  9996
2 38977   3.7821  73.6974 0002117 142.7767 221.3237  1.00271072 18456
ASTRA 5B (EGNOS/PRN 123)
1 39617U 14011B   17290.78032123  .00000132  00000-0  00000-0 0  9994
2 39617   0.0428 346.3661 0003276 221.1519 131.4019  1.00274723 12941
LUCH 5V (SDCM/PRN 141)  
1 39727U 14023A   17290.68009164 -.00000296  00000-0  00000+0 0  9998
2 39727   2.4721 299.0080 0002311 315.4486 111.5009  1.00272502530792
GSAT-15 (GAGAN/PRN 139) 
1 41028U 15065A   17290.66707909 -.00000281  00000-0  00000+0 0  9996
2 41028   0.0601 107.5826 0001932 109.3294 143.0945  1.00272148  7138
QZS-2 (QZSS/PRN 184)    
1 42738U 17028A   17290.32330127 -.00000249  00000-0  00000-0 0  9998
2 42738  44.5983 287.9142 0737443 271.1782  80.3243  1.00258719  1417
