AKEBONO (EXOS-D)        
1 19822U 89016A   17290.95424487  .00018419  38541-6  35354-3 0  9991
2 19822  75.0319 149.4471 1884366   1.1769 359.2856 11.74559599923624
HST                     
1 20580U 90037B   17290.39260990  .00000738  00000-0  34512-4 0  9998
2 20580  28.4697 279.9519 0002895  51.9667  66.4827 15.08889044308767
POLAR                   
1 23802U 96013A   17290.43478917 -.00000187  00000-0  00000-0 0  9993
2 23802  78.5003 267.1262 7288689 317.7968   4.6167  1.29842995103765
SWAS                    
1 25560U 98071A   17291.15699095  .00000223  00000-0  29754-4 0  9995
2 25560  69.8982 311.7750 0008683 340.4681  19.6140 14.93466018 23904
ORSTED                  
1 25635U 99008B   17291.12895928  .00000118  00000-0  35985-4 0  9995
2 25635  96.4649 168.1196 0137863 215.0899 144.1160 14.48023673984023
CXO                     
1 25867U 99040B   17293.64724309  .00000377  00000-0  00000+0 0  9993
2 25867  73.2068 287.5678 6809363 248.6103   0.1464  0.37807777 16523
XMM-NEWTON              
1 25989U 99066A   17291.32491964 -.00000168  00000-0  00000-0 0  9997
2 25989  69.4946 357.9047 8150616  95.9780   0.1320  0.50141067  7145
TERRA                   
1 25994U 99068A   17291.19210865  .00000107  00000-0  33801-4 0  9990
2 25994  98.1989   4.4206 0001255  85.6953 274.4385 14.57123890948587
CLUSTER II-FM6 (SALSA)  
1 26410U 00041A   17294.07086386  .00000369  00000-0  00000+0 0  9996
2 26410 130.8971 334.0785 4328478 155.0116   0.9061  0.44168013 18056
CLUSTER II-FM7 (SAMBA)  
1 26411U 00041B   17291.82427049  .00000320  00000-0  00000+0 0  9999
2 26411 129.9555 335.3968 5022459 162.9012   0.8677  0.44231501 18127
CLUSTER II-FM5 (RUMBA)  
1 26463U 00045A   17291.81637586  .00000381  00000-0  00000-0 0  9996
2 26463 133.5014 333.8851 4726455 161.1287   0.8925  0.44229177  6219
CLUSTER II-FM8 (TANGO)  
1 26464U 00045B   17288.71480817  .00000349  00000-0  00000+0 0  9998
2 26464 130.8927 334.0408 4329641 154.8854 234.5457  0.44220630 53942
ODIN                    
1 26702U 01007A   17290.51969934  .00000679  00000-0  49102-4 0  9992
2 26702  97.6068 306.2168 0010806   4.2747 355.8571 15.07305759910073
TIMED                   
1 26998U 01055B   17290.51794952  .00000181  00000-0  23844-4 0  9991
2 26998  74.0718  71.6991 0000728 334.9515  25.1630 14.87947328859623
RHESSI                  
1 27370U 02004A   17290.65904687  .00002938  00000-0  10602-3 0  9993
2 27370  38.0338  21.9400 0012443 321.5895  38.3988 15.29169450865010
CORIOLIS                
1 27640U 03001A   17291.07138167  .00000028  00000-0  34279-4 0  9995
2 27640  98.7432 299.6290 0013339 317.8590 110.8499 14.18957367765374
SORCE                   
1 27651U 03004A   17290.60338345  .00000244  00000-0  39867-4 0  9996
2 27651  39.9968 359.4738 0023398  13.7502 346.3920 14.88748523799001
MOST                    
1 27843U 03031D   17290.95395906  .00000008  00000-0  23858-4 0  9994
2 27843  98.7148 297.3423 0010403  25.9484 334.2213 14.20555020741388
SCISAT 1                
1 27858U 03036A   17290.68784245  .00000084  00000-0  16830-4 0  9999
2 27858  73.9320 306.5485 0007650   8.4522 351.6780 14.77160096763867
SWIFT                   
1 28485U 04047A   17290.50836595  .00001234  00000-0  55448-4 0  9992
2 28485  20.5576 359.5162 0011281 345.0746  14.9354 15.03891911706644
FORMOSAT-3 FM6          
1 29047U 06011A   17291.14635493  .00000047  00000-0  34888-4 0  9991
2 29047  71.9780 296.2921 0052734 299.0639  60.5220 14.28604183602321
FORMOSAT-3 FM1          
1 29048U 06011B   17290.78060197  .00000069  00000-0  43852-4 0  9999
2 29048  71.9677 209.0549 0045925 257.5573 102.0422 14.28539888604759
FORMOSAT-3 FM5          
1 29049U 06011C   17290.69296087  .00000102  00000-0  56724-4 0  9999
2 29049  72.0224  15.3833 0037070 291.7396  67.9796 14.28594782600527
FORMOSAT-3 FM3          
1 29050U 06011D   17290.44205753  .00000262  00000-0  65769-4 0  9990
2 29050  72.0150 261.2487 0052280 293.7189  65.8484 14.58569945614393
FORMOSAT-3 FM4          
1 29051U 06011E   17290.50229890  .00000092  00000-0  51588-4 0  9991
2 29051  72.0044 279.6263 0067975 170.8491 189.3903 14.28620618603083
FORMOSAT-3 FM2          
1 29052U 06011F   17290.56815654  .00000085  00000-0  49533-4 0  9996
2 29052  72.0360 350.8097 0042319 255.8437 103.7995 14.28715744601412
CLOUDSAT                
1 29107U 06016A   17291.14487233  .00000102  00000-0  32772-4 0  9992
2 29107  98.2123 233.3102 0001761  70.1537 289.9851 14.57111519610338
CALIPSO                 
1 29108U 06016B   17290.93733257  .00000183  00000-0  50731-4 0  9993
2 29108  98.2145 232.6755 0001329  78.1026 282.0321 14.57132070610218
HINODE (SOLAR-B)        
1 29479U 06041A   17290.44437727  .00000125  00000-0  32432-4 0  9995
2 29479  98.1691 294.0396 0016849 189.2609 170.8286 14.64862280591281
SJ-6C                   
1 29505U 06046A   17291.15264681  .00000041  00000-0  91939-5 0  9991
2 29505  97.8248 292.6861 0004333  56.0484 304.1158 14.94371544598236
SJ-6D                   
1 29506U 06046B   17291.20621892 -.00000130  00000-0 -69168-5 0  9999
2 29506  97.8433 292.1545 0003493 102.1069 258.0560 14.93311627597918
AGILE                   
1 31135U 07013A   17290.13583488  .00003338  00000-0  73393-4 0  9999
2 31135   2.4674 239.2680 0012159  97.9634 262.1800 15.30131788215031
AIM                     
1 31304U 07015A   17290.57469033  .00001391  00000-0  84453-4 0  9992
2 31304  98.0026 115.3734 0006500  81.9905 278.2062 15.12318819573433
FGRST (GLAST)           
1 33053U 08029A   17290.32272249  .00000681  00000-0  22508-4 0  9999
2 33053  25.5825 252.5132 0012129 254.8015 105.1179 15.10978640515818
WISE                    
1 36119U 09071A   17291.18467015  .00001169  00000-0  44729-4 0  9996
2 36119  97.4415 318.9686 0001513 202.1532 157.9642 15.28595865435064
SDO                     
1 36395U 10005A   17290.61525747 -.00000054  00000-0  00000-0 0  9998
2 36395  28.8990 138.2369 0001511  84.2965 283.5116  1.00274121 28338
CRYOSAT 2               
1 36508U 10013A   17291.15556675 -.00000024  00000-0 -67401-5 0  9998
2 36508  92.0249 231.9652 0005272 289.9139  70.1500 14.52173937399001
SPEKTR-R                
1 37755U 11037A   17272.04107253 -.00000112  00000-0  00000+0 0  9994
2 37755  68.5092 305.0853 6289769 352.4494   6.5188  0.10438175  2594
GCOM-W1 (SHIZUKU)       
1 38337U 12025A   17290.94634192  .00000089  00000-0  29742-4 0  9996
2 38337  98.2141 229.3762 0001996  70.6137 354.7236 14.57126166288244
NUSTAR                  
1 38358U 12031A   17290.12057235  .00001182  00000-0  50677-4 0  9999
2 38358   6.0260 144.2759 0012518 251.4248 108.4521 14.87846444290639
RBSP A                  
1 38752U 12046A   17289.11562665 -.00000171  00000-0  17040-3 0  9992
2 38752   9.8627 135.2475 6818874 245.7592  31.7491  2.68109848 50132
RBSP B                  
1 38753U 12046B   17290.19168919 -.00000107  00000-0  40603-3 0  9997
2 38753   9.8468 145.4986 6832008 225.9847  52.2995  2.65135225 49774
NEOSSAT                 
1 39089U 13009D   17290.73143872  .00000025  00000-0  24463-4 0  9996
2 39089  98.5437 132.8696 0010169 298.9955  61.0210 14.34403045242956
BRITE-AUSTRIA           
1 39091U 13009F   17290.89115256  .00000019  00000-0  21902-4 0  9999
2 39091  98.5384 134.4633 0009643 308.4385  51.5934 14.35044756243092
UNIBRITE                
1 39092U 13009G   17290.90123614  .00000037  00000-0  28541-4 0  9995
2 39092  98.5396 134.1527 0008432 301.6982  58.3381 14.34919381243060
IRIS                    
1 39197U 13033A   17290.93436937  .00000189  00000-0  32943-4 0  9995
2 39197  97.9304 110.5805 0028676 136.4271 223.9212 14.78447836232220
HISAKI (SPRINT-A)       
1 39253U 13049A   17290.84692983  .00000132  00000-0  90315-4 0  9995
2 39253  29.7199 101.2746 0137383 292.9719  65.6411 13.55178231201840
CASSIOPE                
1 39265U 13055A   17291.19661515  .00002830  00000-0  83491-4 0  9995
2 39265  80.9698 247.6937 0682028 256.7227  95.7071 14.24002224209003
DANDE                   
1 39267U 13055C   17291.16277178  .00003110  00000-0  93829-4 0  9990
2 39267  81.0107 260.6119 0708329 277.7131  74.4230 14.17999409208450
STSAT-3                 
1 39422U 13066G   17291.15460935  .00000579  00000-0  66143-4 0  9994
2 39422  97.6445 349.6554 0023036 182.6546 177.4551 14.89514008212239
BRITE-PL                
1 39431U 13066R   17290.52551655  .00000116  00000-0  34320-4 0  9993
2 39431  97.7220 257.5236 0203978  97.0142 265.4297 14.46875926205948
SWARM B                 
1 39451U 13067A   17290.91889562  .00000592  00000-0  25027-4 0  9992
2 39451  87.7592 211.1714 0002052  63.8444 296.3012 15.21141838201940
SWARM A                 
1 39452U 13067B   17291.18724805  .00001599  00000-0  35831-4 0  9993
2 39452  87.3449 125.7290 0002431 100.0069 260.1462 15.42547475219098
SWARM C                 
1 39453U 13067C   17291.18718279  .00001605  00000-0  35973-4 0  9997
2 39453  87.3453 127.1507 0002457 100.4572 259.6962 15.42547578219050
BRITE-TORONTO           
1 40020U 14033L   17291.06349512  .00000119  00000-0  29164-4 0  9994
2 40020  97.8162 156.2041 0086356 296.4932  62.7436 14.66432282178094
OCO 2                   
1 40059U 14035A   17291.20623309  .00000085  00000-0  28976-4 0  9995
2 40059  98.2144 230.8131 0001216  60.1175 300.0144 14.57122773175314
BRITE-PL 2              
1 40119U 14049B   17290.71544017  .00000182  00000-0  28193-4 0  9999
2 40119  97.9319  15.9446 0018605  52.7025 307.5882 14.84197255171339
RESURS P2               
1 40360U 14087A   17291.16708201  .00001651  00000-0  55639-4 0  9993
2 40360  97.2758  22.6969 0012134  72.9235  14.6088 15.32095589157216
MMS 1                   
1 40482U 15011A   17291.01041667 -.00000265  00000-0  00000+0 0  9994
2 40482  22.1162 308.9046 9011925 159.7091 101.3168  0.35514944  8095
MMS 2                   
1 40483U 15011B   17291.01041667 -.00000265  00000-0  00000+0 0  9995
2 40483  22.1152 308.9018 9010279 159.7028 101.3423  0.35514888  8085
MMS 3                   
1 40484U 15011C   17291.01041667 -.00000265  00000-0  00000+0 0  9996
2 40484  22.1223 308.9264 9010654 159.6865 101.3229  0.35514880  8089
MMS 4                   
1 40485U 15011D   17291.01041667 -.00000265  00000-0  00000+0 0  9997
2 40485  22.1150 308.9070 9010029 159.7169 101.2975  0.35514846  8076
ASTROSAT                
1 40930U 15052A   17290.96295158  .00000893  00000-0  36760-4 0  9999
2 40930   5.9947  80.4220 0007587 179.2220 180.8229 14.76162596111121
DAMPE                   
1 41173U 15078A   17288.46842244 -.00000077  00000-0 -34398-6 0  9996
2 41173  97.2911 293.1163 0015799  91.8759  64.5363 15.23615604101778
PISAT                   
1 41784U 16059B   17290.77195530  .00000152  00000-0  38537-4 0  9999
2 41784  98.1540 351.0271 0033048 134.2810 226.1112 14.63263536 56509
HXMT                    
1 42758U 17034A   17291.24071691 -.00000217  00000-0  00000+0 0  9991
2 42758  43.0194 332.2440 0007213  33.4453  45.8900 15.08106588 18896
FLYING LAPTOP           
1 42831U 17042G   17290.85343603  .00000242  00000-0  30087-4 0  9993
2 42831  97.6075 197.1106 0012749 288.4276  71.5557 14.90722227 14224
