ISS (ZARYA)             
1 25544U 98067A   17291.36369213  .00001740  00000-0  33463-4 0  9998
2 25544  51.6409 144.2789 0005138  34.7318 313.9937 15.54202609 80901
TIANGONG 1              
1 37820U 11053A   17291.08884438  .00035772  85990-5  13208-3 0  9990
2 37820  42.7555 163.2437 0020033 240.3493 243.1125 15.88285066347448
AGGIESAT 4              
1 41313U 98067HP  17290.80829138  .00050399  00000-0  23669-3 0  9995
2 41313  51.6365  90.0093 0003890 262.9003  97.1557 15.82637787 98288
FLOCK 2E'-1             
1 41479U 98067HZ  17291.04526702  .00041677  00000-0  26165-3 0  9999
2 41479  51.6334 107.3919 0001059 243.8669 116.2222 15.76316842 81189
FLOCK 2E'-3             
1 41480U 98067JA  17290.90372387  .00031073  00000-0  20331-3 0  9991
2 41480  51.6291 107.9656 0001058 227.8256 132.2654 15.75518332 81151
FLOCK 2E'-2             
1 41481U 98067JB  17291.07010485  .00125900  00000-0  63120-3 0  9995
2 41481  51.6275 104.4932 0004047 278.0371  82.0172 15.80858073 81208
FLOCK 2E'-4             
1 41482U 98067JC  17290.91946334  .00224001  00000-0  77115-3 0  9990
2 41482  51.6222 101.1607 0006155 280.1937  79.8374 15.88412467 81230
FLOCK 2E-1              
1 41483U 98067JD  17290.90742276  .00026548  00000-0  19161-3 0  9992
2 41483  51.6333 110.3204 0002037 183.1757 176.9229 15.73327117 80986
FLOCK 2E-2              
1 41484U 98067JE  17291.06035841  .00030242  00000-0  19174-3 0  9994
2 41484  51.6314 106.0971 0002631 214.0490 146.0341 15.76253113 81056
FLOCK 2E-3              
1 41486U 98067JG  17291.01874551  .00026000  00000-0  17800-3 0  9991
2 41486  51.6314 111.0411 0002919 217.7067 142.3728 15.74573331 81000
FLOCK 2E-4              
1 41487U 98067JH  17290.89301937  .00024068  00000-0  17346-3 0  9997
2 41487  51.6328 110.1846 0003262 216.1878 143.8900 15.73421791 81002
FLOCK 2E-6              
1 41563U 98067JM  17290.63682432  .00051182  00000-0  37693-3 0  9990
2 41563  51.6316 115.2292 0001831 272.0759  88.0030 15.72523703 78986
FLOCK 2E-5              
1 41564U 98067JN  17290.53270566  .00019467  00000-0  15582-3 0  9994
2 41564  51.6328 116.0468 0000861 262.5351  97.5548 15.71081312 78958
FLOCK 2E-7              
1 41565U 98067JP  17291.05564421  .00038271  00000-0  23886-3 0  9999
2 41565  51.6282 105.9514 0004180 236.3888 123.6714 15.76482739 79038
FLOCK 2E'-5             
1 41567U 98067JR  17290.34448225  .00019427  00000-0  16280-3 0  9997
2 41567  51.6338 119.3236 0004158 230.1183 129.9449 15.69969264 78765
FLOCK 2E'-6             
1 41568U 98067JS  17290.91819177  .00028942  00000-0  21274-3 0  9990
2 41568  51.6315 111.8274 0004063 234.5944 125.4676 15.72839567 78947
FLOCK 2E'-8             
1 41569U 98067JT  17290.87254635  .00037947  00000-0  23110-3 0  9994
2 41569  51.6331 106.2309 0002432 214.5019 145.5824 15.77050072 78895
FLOCK 2E-9              
1 41571U 98067JV  17291.11182814  .00054036  00000-0  30710-3 0  9996
2 41571  51.6329 103.3424 0003025 227.8347 132.2397 15.78443897 78936
FLOCK 2E-10             
1 41572U 98067JW  17291.05158459  .00037485  00000-0  24308-3 0  9993
2 41572  51.6332 107.4682 0004220 232.2947 127.7670 15.75617954 78876
FLOCK 2E-12             
1 41573U 98067JX  17291.09304887  .00041634  00000-0  25028-3 0  9997
2 41573  51.6328 105.4609 0004133 239.5350 120.5242 15.77293641 78905
FLOCK 2E-11             
1 41574U 98067JY  17290.89041926  .00035589  00000-0  21625-3 0  9998
2 41574  51.6256 105.5361 0004757 250.6523 109.3963 15.77124133 78881
FLOCK 2E'-9             
1 41575U 98067JZ  17290.84179091  .00046553  00000-0  25500-3 0  9998
2 41575  51.6297 103.6770 0005044 255.0488 104.9955 15.79316624 78892
FLOCK 2E'-10            
1 41576U 98067KA  17291.06067148  .00043498  00000-0  25158-3 0  9997
2 41576  51.6327 105.2792 0004694 256.3915 103.6563 15.78138617 78791
FLOCK 2E'-11            
1 41577U 98067KB  17290.85190723  .00035126  00000-0  22303-3 0  9998
2 41577  51.6343 107.6588 0004475 232.1356 127.9239 15.76132636 78564
FLOCK 2E'-12            
1 41578U 98067KC  17290.89261606  .00050480  00000-0  27430-3 0  9998
2 41578  51.6278 104.7959 0005685 237.7417 122.3034 15.79453802 78606
FLOCK 2E'-13            
1 41761U 98067KH  17290.67071225  .00010672  00000-0  11715-3 0  9992
2 41761  51.6357 132.8525 0005113   5.1612 354.9434 15.63815527 62057
FLOCK 2E'-14            
1 41762U 98067KJ  17290.95505456  .00013185  00000-0  14105-3 0  9990
2 41762  51.6368 131.0387 0004598   7.2865 352.8196 15.64232955 62103
FLOCK 2E'-16            
1 41763U 98067KK  17291.01285769  .00014085  00000-0  14638-3 0  9992
2 41763  51.6372 129.9218 0004078  22.2932 337.8240 15.64903563 62083
FLOCK 2E'-15            
1 41764U 98067KL  17291.00973984  .00011893  00000-0  13055-3 0  9991
2 41764  51.6369 131.3986 0004832  15.5195 344.5947 15.63683950 62064
TIANGONG-2              
1 41765U 16057A   17291.08883381  .00007064  00000-0  92175-4 0  9996
2 41765  42.7837 344.7720 0002929 352.9169  89.8897 15.59217815 62168
FLOCK 2E'-18            
1 41769U 98067KM  17291.11942039  .00012463  00000-0  13620-3 0  9997
2 41769  51.6368 130.6241 0004085  43.9280 316.2039 15.63748228 62084
FLOCK 2E'-17            
1 41776U 98067KN  17290.97645256  .00012892  00000-0  13963-3 0  9995
2 41776  51.6376 131.1984 0004302  43.6432 316.4902 15.63940942 62054
FLOCK 2E'-19            
1 41777U 98067KP  17291.11154403  .00020509  00000-0  18743-3 0  9997
2 41777  51.6347 125.2722 0002867  45.3005 314.8225 15.67807742 62106
FLOCK 2E'-20            
1 41782U 98067KQ  17291.11553552  .00018001  00000-0  17254-3 0  9991
2 41782  51.6362 126.8434 0002919  45.4550 314.6684 15.66724543 61955
BANXING-2               
1 41834U 16057H   17291.18354567  .00016324  00000-0  12885-3 0  9991
2 41834  42.7832 327.7336 0007948  29.8979  39.5227 15.71091333 56430
STARS-C                 
1 41895U 98067KR  17290.92297729  .00057447  00000-0  44387-3 0  9999
2 41895  51.6336 131.5205 0001724 116.0016 244.1159 15.71337116 47214
TANCREDO-1              
1 41931U 98067KT  17290.98270503  .14164078  12479-4  76733-3 0  9998
2 41931  51.6104 115.9004 0006182 280.1451  79.8879 16.42240901 42996
ITF-2                   
1 41932U 98067KU  17290.99630410  .00020449  00000-0  21989-3 0  9991
2 41932  51.6381 136.5859 0003488  13.6986 346.4103 15.63714604 42721
WASEDA-SAT3             
1 41933U 98067KV  17290.97065830  .00024923  00000-0  25282-3 0  9999
2 41933  51.6361 135.6272 0003113  16.2963 343.8132 15.65065624 42735
AOBA-VELOX 3            
1 41935U 98067KX  17290.94615216  .00023455  00000-0  24299-3 0  9993
2 41935  51.6377 136.2409 0002797  18.8139 341.2959 15.64572414 42821
OSNSAT                  
1 41939U 98067KZ  17290.94941192  .00077141  00000-0  48652-3 0  9992
2 41939  51.6333 127.9207 0001564 331.7384  28.3531 15.75954823 42188
LEMUR-2-REDFERN-GOES    
1 42059U 98067LA  17290.81998415  .00020046  00000-0  22407-3 0  9994
2 42059  51.6366 139.8764 0005880  44.4363 315.7102 15.62723490 35154
LEMUR-2-TRUTNA          
1 42067U 98067LC  17290.94425923  .00044461  00000-0  37580-3 0  9991
2 42067  51.6355 135.4385 0003475  52.4539 307.6774 15.69281979 35056
LEMUR-2-AUSTINTACIOUS   
1 42068U 98067LD  17290.94387558  .00024499  00000-0  25566-3 0  9993
2 42068  51.6370 138.4556 0005052  37.0648 323.0696 15.64350549 35117
LEMUR-2-TRUTNAHD        
1 42069U 98067LE  17290.79095707  .00023522  00000-0  25601-3 0  9995
2 42069  51.6376 139.6992 0005061  43.7138 316.4257 15.63302403 35135
ISS DEB                 
1 42434U 98067LF  17290.98963265  .02307174  71608-2  17180-2 0  9991
2 42434  51.6181 126.5665 0012046 279.7837  80.1819 16.16319441 31498
ISS DEB                 
1 42697U 98067LG  17291.00958547  .00622409  17086-3  15943-2 0  9998
2 42697  51.6255 133.5334 0008545 259.1688 100.8358 15.94648842 25921
HAVELSAT                
1 42700U 98067LH  17291.20553445  .00016399  00000-0  20412-3 0  9991
2 42700  51.6381 141.7069 0005497  76.2287 283.9318 15.60077656 24119
SOMP 2                  
1 42701U 98067LJ  17291.16061710  .00017432  00000-0  22015-3 0  9996
2 42701  51.6379 142.1594 0005528  75.8860 284.2747 15.59641560 24098
COLUMBIA                
1 42702U 98067LK  17291.00450332  .00054573  00000-0  52115-3 0  9993
2 42702  51.6357 140.3551 0003206  93.3938 266.7425 15.66189591 24031
SGSAT                   
1 42703U 98067LL  17291.14843464  .00038127  00000-0  40291-3 0  9990
2 42703  51.6354 140.5636 0000065 134.5993 225.5007 15.63798854 24038
CXBN-2                  
1 42704U 98067LM  17290.97466647  .00017735  00000-0  22327-3 0  9997
2 42704  51.6381 143.1690 0000951  42.9651 317.1416 15.59721468 23993
ICECUBE                 
1 42705U 98067LN  17291.19033735  .00018727  00000-0  22321-3 0  9997
2 42705  51.6398 141.6229 0001308  12.2127 347.8898 15.61118806 24093
PHOENIX                 
1 42706U 98067LP  17291.15192169  .00018275  00000-0  22853-3 0  9999
2 42706  51.6376 142.1035 0001109  93.7949 266.3171 15.59874975 24010
X-CUBESAT               
1 42707U 98067LQ  17291.08560780  .00018795  00000-0  23376-3 0  9998
2 42707  51.6367 142.4025 0001132  97.2071 262.9050 15.59997715 23996
QBEE50-LTU-OC           
1 42708U 98067LR  17291.02685092  .00016782  00000-0  21040-3 0  9997
2 42708  51.6368 142.7603 0001135  92.1442 267.9681 15.59876503 23943
ALTAIR PATHFINDER       
1 42711U 98067LS  17291.11599957  .00011452  00000-0  15594-3 0  9991
2 42711  51.6375 143.3561 0003336   5.6813 354.4217 15.58051282 23654
SHARC                   
1 42712U 98067LT  17291.05919707  .00009192  00000-0  12852-3 0  9996
2 42712  51.6388 143.7357 0001790  23.1496 336.9577 15.57622345 23882
ZA-AEROSAT              
1 42713U 98067LU  17291.07090528  .00016269  00000-0  21171-3 0  9997
2 42713  51.6378 143.0595 0001089  10.2164 349.8851 15.58912881 23650
LINK                    
1 42714U 98067LV  17291.08165374  .00026259  00000-0  31360-3 0  9992
2 42714  51.6362 142.3736 0000554   8.9592 351.1411 15.60838542 23773
CSUNSAT 1               
1 42715U 98067LW  17291.13800951  .00016160  00000-0  20880-3 0  9991
2 42715  51.6383 142.7538 0003024 351.8096   8.2846 15.59107301 23665
UPSAT                   
1 42716U 98067LX  17291.19608572  .00018653  00000-0  22621-3 0  9997
2 42716  51.6375 141.6457 0003920  86.2414 273.9028 15.60664099 23817
SPACECUBE               
1 42717U 98067LY  17291.04001831  .00017447  00000-0  21972-3 0  9995
2 42717  51.6376 142.8513 0004063  82.9936 277.1519 15.59722038 23026
HOOPOE                  
1 42718U 98067LZ  17291.14991290  .00020040  00000-0  24689-3 0  9995
2 42718  51.6374 142.0856 0003920  84.0664 276.0776 15.60195975 23040
CHALLENGER              
1 42721U 98067MA  17291.06310604  .00029375  00000-0  34023-3 0  9997
2 42721  51.6366 142.2468 0005488  57.0923 303.0598 15.61560117 22738
NJUST-1                 
1 42722U 98067MB  17291.09889166  .00013817  00000-0  18233-3 0  9994
2 42722  51.6381 143.2425 0006614  54.6441 305.5168 15.58678029 22727
UNSW-ECO                
1 42723U 98067MC  17290.98950350  .00021829  00000-0  26982-3 0  9998
2 42723  51.6379 143.2663 0005987  55.1739 304.9816 15.60038279 22696
DUTHSAT                 
1 42724U 98067MD  17291.14219024  .00029580  00000-0  34633-3 0  9998
2 42724  51.6374 142.0330 0004804  62.7293 297.4190 15.61278204 22647
LILACSAT-1              
1 42725U 98067ME  17291.15713419  .00016922  00000-0  21838-3 0  9996
2 42725  51.6380 142.8840 0005490  60.4829 299.6710 15.59092435 22639
NSIGHT-1                
1 42726U 98067MF  17291.09161587  .00008044  00000-0  11502-3 0  9996
2 42726  51.6393 143.9498 0006349  58.1389 302.0221 15.57207434 22624
SNUSAT-1                
1 42727U 98067MG  17291.15471575  .00015156  00000-0  19672-3 0  9993
2 42727  51.6368 142.8561 0006328  14.4473 345.6699 15.59032490 22602
QBITO                   
1 42728U 98067MH  17291.06653019  .00019676  00000-0  24826-3 0  9997
2 42728  51.6391 143.0387 0003169  76.7570 283.3776 15.59581055 22438
AALTO-2                 
1 42729U 98067MJ  17291.00223406  .00019928  00000-0  25116-3 0  9998
2 42729  51.6381 143.3523 0003105  76.6889 283.4450 15.59600398 22437
SUSAT                   
1 42730U 98067MK  17291.07556916  .00017538  00000-0  22391-3 0  9999
2 42730  51.6380 143.0877 0003188  73.1139 287.0203 15.59356942 22437
I-INSPIRE II            
1 42731U 98067ML  17291.17262997  .00022696  00000-0  27753-3 0  9992
2 42731  51.6365 142.2253 0005187 356.9957   3.1004 15.60300024 22507
POLYITAN-2-SAU          
1 42732U 98067MM  17290.99684501  .00020111  00000-0  25206-3 0  9992
2 42732  51.6370 143.3027 0005409 356.0689   4.0260 15.59733005 22472
SNUSAT-1B               
1 42733U 98067MN  17291.01126682  .00016548  00000-0  21153-3 0  9994
2 42733  51.6379 143.4005 0005520 359.6021   0.4966 15.59364515 22471
EXALTA-1                
1 42734U 98067MP  17291.17551871  .00022661  00000-0  27852-3 0  9999
2 42734  51.6367 142.2466 0006877  26.3088 333.8253 15.60156377 22451
AOXIANG-1               
1 42735U 98067MQ  17290.90193213  .00014253  00000-0  18718-3 0  9991
2 42735  51.6374 144.1746 0007112  49.9074 310.2541 15.58772370 23826
BEEAGLESAT              
1 42736U 98067MR  17291.15077554  .00016733  00000-0  21616-3 0  9995
2 42736  51.6371 142.8359 0006815  49.9541 310.2049 15.59067613 22557
ATLANTIS                
1 42737U 98067MS  17291.03476572  .00045849  00000-0  46707-3 0  9994
2 42737  51.6348 141.2971 0004106  54.1962 305.9414 15.64637898 22451
PROGRESS-MS 06          
1 42756U 17033A   17290.54492363  .00003831  00000-0  64942-4 0  9997
2 42756  51.6416 148.3564 0004889  33.0672  51.5067 15.54196649 80787
ISS DEB (ROSA)          
1 42813U 98067MT  17290.78767248  .00060728  00000-0  62321-3 0  9996
2 42813  51.6361 144.1563 0000594 317.9836  42.1114 15.64339503 17797
SOYUZ-MS 05             
1 42898U 17043A   17290.54492363  .00003831  00000-0  64942-4 0  9995
2 42898  51.6416 148.3564 0004889  33.0672  51.5067 15.54196649 80784
SOYUZ-MS 06             
1 42937U 17054A   17290.54492363  .00003831  00000-0  64942-4 0  9991
2 42937  51.6416 148.3564 0004889  33.0672  51.5067 15.54196649 80788
PROGRESS-MS 07          
1 42971U 17065A   17290.54492363  .00003831  00000-0  64942-4 0  9991
2 42971  51.6416 148.3564 0004889  33.0672  51.5067 15.54196649 80786
