COSMOS 2522 [GLONASS-M] 
1 42939U 17055A   17291.10909916 -.00000007  00000-0  00000+0 0  9997
2 42939  64.7974 300.7246 0010312 248.6058 265.9172  2.13101746   555
FREGAT R/B              
1 42940U 17055B   17290.13039366  .00000002  00000-0  00000+0 0  9998
2 42940  64.7612 300.7350 0122287 128.7220 250.7561  2.07652039   324
ASIASAT 9               
1 42942U 17057A   17290.88462456 -.00000383  00000-0  00000+0 0  9997
2 42942   0.0396 295.6176 0001329 152.5644  18.4347  1.00269856   216
BREEZE-M R/B            
1 42943U 17057B   17288.22334753 -.00000027  00000-0  00000+0 0  9996
2 42943  23.7433 297.4130 6086617   7.0795 358.7287  2.14914073   342
BREEZE-M DEB [TANK]     
1 42944U 17057C   17290.91284184  .00000020  00000-0  00000-0 0  9991
2 42944  49.6640 285.2566 5227490   4.9511 358.7015  5.21715258   990
YAOGAN-30 A             
1 42945U 17058A   17291.05726347  .00003907  00000-0  39231-3 0  9999
2 42945  34.9929 295.7075 0004587 348.6304 119.8376 14.90794867  2821
YAOGAN-30 B             
1 42946U 17058B   17291.12526429  .00004968  00000-0  51564-3 0  9998
2 42946  34.9988 295.5920 0002114  40.8528 319.2404 14.89410221  2833
YAOGAN-30 C             
1 42947U 17058C   17291.08957572 -.00001567  00000-0 -16243-3 0  9990
2 42947  34.9933 296.0959 0009857 300.2159 113.5226 14.88560741  2813
CZ-2C R/B               
1 42948U 17058D   17291.19009979  .00000196  00000-0  28227-4 0  9993
2 42948  34.9295 296.8417 0067108  52.5039 308.1737 14.79594422  2798
INTELSAT 37E (IS-37E)   
1 42950U 17059A   17287.49042019 -.00000150  00000-0  00000+0 0  9992
2 42950   0.1255 194.3630 1618492 157.2796 155.0887  1.25634743   277
BSAT-4A                 
1 42951U 17059B   17290.78294153 -.00000349  00000-0  00000-0 0  9998
2 42951   0.0353 324.4849 0002977 169.1897 278.4420  1.00269854   220
ARIANE 5 R/B            
1 42952U 17059C   17288.46200379  .00000676  00000-0  46137-3 0  9994
2 42952   5.7898 161.0112 7273895 188.3679 144.5999  2.27905652   353
ARIANE 5 DEB [SYLDA]    
1 42953U 17059D   17290.10967930  .00009541  00000-0  37594-2 0  9998
2 42953   5.9788 157.7780 7265304 192.2869 129.4222  2.29253344   399
VRSS-2                  
1 42954U 17060A   17289.47458714 -.00000058  00000-0 -88200-6 0  9994
2 42954  98.0232   2.9017 0017852 260.3937  99.5257 14.75964296  1069
IRIDIUM 133             
1 42955U 17061A   17291.17156793  .00000083  00000-0  14226-4 0  9999
2 42955  86.5219 267.3638 0000662 166.1303 193.9923 14.55308731  1269
IRIDIUM 100             
1 42956U 17061B   17290.92261282  .00000036  00000-0  32339-5 0  9996
2 42956  86.5213 267.4688 0002080  90.2638 269.8809 14.56768865  1236
IRIDIUM 122             
1 42957U 17061C   17290.88784346  .00000031  00000-0  20039-5 0  9992
2 42957  86.5193 267.4784 0001772  62.2801 297.8587 14.56886718  1220
IRIDIUM 129             
1 42958U 17061D   17290.92822023  .00000059  00000-0  89353-5 0  9997
2 42958  86.5213 267.4731 0001658  65.1053 295.0326 14.54519709  1233
IRIDIUM 119             
1 42959U 17061E   17290.90840132  .00000072  00000-0  11154-4 0  9995
2 42959  86.5226 267.4812 0002240  58.3484 301.7943 14.56983084  1231
IRIDIUM 107             
1 42960U 17061F   17290.73026300  .00000070  00000-0  51502-5 0  9991
2 42960  86.6792 267.5475 0012558 190.5543 169.5419 14.83429756  1213
IRIDIUM 132             
1 42961U 17061G   17290.93225208  .00000112  00000-0  10230-4 0  9991
2 42961  86.6790 267.4635 0012859 189.4562 170.6421 14.83497665  1244
IRIDIUM 136             
1 42962U 17061H   17290.45974811  .00000063  00000-0  43245-5 0  9998
2 42962  86.6794 267.6613 0013001 190.2718 169.8242 14.83559701  1173
IRIDIUM 139             
1 42963U 17061J   17290.45951639  .00000076  00000-0  58923-5 0  9995
2 42963  86.6800 267.6621 0013074 189.2205 170.8780 14.83603513  1170
IRIDIUM 125             
1 42964U 17061K   17290.45930739  .00000134  00000-0  12908-4 0  9991
2 42964  86.6816 267.6635 0013024 188.0481 172.0535 14.83643548  1175
QZS-4 (MICHIBIKI-4)     
1 42965U 17062A   17290.78815807 -.00000361  00000-0  00000+0 0  9995
2 42965  40.4599  24.6485 0746960 269.7480 149.7521  1.00280256    98
H-2A R/B                
1 42966U 17062B   17287.90656350 -.00000557  00000-0  00000-0 0  9990
2 42966  31.8714  23.0338 7241187 182.7172 168.4342  2.30739853   110
SES-11 (ECHOSTAR 105)   
1 42967U 17063A   17291.21924003  .00000092  00000-0  00000+0 0  9996
2 42967   0.0748 246.5692 0032883 122.6702 314.8036  1.00270259    86
FALCON 9 R/B            
1 42968U 17063B   17286.74704072  .00001301  00000-0  18573-2 0  9992
2 42968  27.8695 195.2525 7503639 179.0252 184.6057  1.97924550    43
SENTINEL-5P             
1 42969U 17064A   17290.81292740  .00000013  00000-0  25777-4 0  9996
2 42969  98.7237 229.0068 0001962  62.0336 298.1039 14.22190808   617
BREEZE-KM R/B           
1 42970U 17064B   17290.80935277 -.00000106  00000-0  43326-6 0  9992
2 42970  98.7423 229.5224 0254286 293.9009  63.5764 14.92547666   643
PROGRESS-MS 07          
1 42971U 17065A   17290.54492363  .00003831  00000-0  64942-4 0  9991
2 42971  51.6416 148.3564 0004889  33.0672  51.5067 15.54196649 80786
